(2663.418716430664, 835.3668823242188)
(2663.418357849121, 835.3641967773438)
(2955.1952514648438, 835.3383178710938)
(2955.1998291015625, 835.3434753417969)
(2955.172611474991, 835.3319091796875)
(3698.0936584472656, 835.31640625)
(3698.0943756103516, 835.3146362304688)
(4742.441070556641, 835.3211059570312)
(4742.443271636963, 835.3189697265625)
(4742.7616991996765, 835.3603515625)
(5939.703369140625, 835.4807434082031)
(5939.702331542969, 835.4810791015625)
(5939.706283569336, 835.486328125)
(2663.417282104492, 835.3681945800781)
(2663.417694091797, 835.3662109375)
(2955.1978454589844, 835.348388671875)
(2955.19775390625, 835.3493957519531)
(2955.1719827651978, 835.3415222167969)
(3698.0892333984375, 835.3197326660156)
(3698.089584350586, 835.3184204101562)
(4742.4406814575195, 835.3291168212891)
(4742.440856933594, 835.3261871337891)
(4742.762492179871, 835.3667602539062)
(5939.698577880859, 835.4866943359375)
(5939.698303222656, 835.4865112304688)
(5939.69962310791, 835.4867553710938)
(2663.4169006347656, 835.3675765991211)
(2663.4176712036133, 835.3680553436279)
(2955.19970703125, 835.3524951934814)
(2955.1993408203125, 835.3526840209961)
(2955.1727101802826, 835.341178894043)
(3374.6080627441406, 1044.5469970703125)
(3374.6043243408203, 1044.5503540039062)
(3374.6093673706055, 1044.549560546875)
(3698.0892944335938, 835.3218154907227)
(3698.089500427246, 835.3220291137695)
(3887.7384033203125, 1032.7577514648438)
(3887.73779296875, 1032.7564697265625)
(3887.748809814453, 1032.7598266601562)
(4742.441047668457, 835.3210296630859)
(4742.442031860352, 835.3241958618164)
(4843.360916137695, 1047.1932983398438)
(4742.757302284241, 835.3652324676514)
(4843.361770629883, 1047.1948547363281)
(5594.748107910156, 1042.9039916992188)
(5596.730133056641, 1042.9456481933594)
(5596.729545593262, 1042.9447326660156)
(5939.699523925781, 835.4865570068359)
(5939.697937011719, 835.4866256713867)
(5939.698680877686, 835.4882049560547)
(3374.6045532226562, 1044.5483093261719)
(3374.5826416015625, 1139.8369750976562)
(3374.601287841797, 1044.552719116211)
(3374.5877838134766, 1139.8433227539062)
(3374.606803894043, 1044.5513610839844)
(3374.58504486084, 1139.841079711914)
(3887.7406005859375, 1032.7582397460938)
(3887.738235473633, 1032.7578887939453)
(3887.7485885620117, 1032.7603149414062)
(4843.367340087891, 1047.196517944336)
(4843.367614746094, 1047.1963195800781)
(5594.751037597656, 1042.8968963623047)
(5594.778244018555, 1187.4595336914062)
(5596.725677490234, 1042.9403381347656)
(5596.700119018555, 1187.3512878417969)
(5596.724990844727, 1042.938980102539)
(5596.699966430664, 1187.3511657714844)
(6408.494079589844, 1199.1407470703125)
(6408.4940185546875, 1199.139404296875)
(6408.423787117004, 1199.0958251953125)
(2943.6070861816406, 1370.7248229980469)
(2943.605422973633, 1370.7266845703125)
(2947.450370788574, 1370.5606079101562)
(3374.6160278320312, 1044.5299835205078)
(3374.5816650390625, 1139.835105895996)
(3374.6209106445312, 1303.2379455566406)
(3374.6165771484375, 1044.533217906952)
(3374.5845336914062, 1139.8400192260742)
(3374.614959716797, 1303.2406616210938)
(3374.619514465332, 1044.5300827026367)
(3374.5841674804688, 1139.8372192382812)
(3374.61905670166, 1303.2411499023438)
(3575.935577392578, 1370.6968383789062)
(3575.9322204589844, 1370.6862487792969)
(3887.6742553710938, 1291.45947265625)
(3887.8057250976562, 1032.7213289737701)
(3887.675018310547, 1291.4598999023438)
(3887.8057556152344, 1032.7211439609528)
(3887.678436279297, 1291.4606018066406)
(3887.8131256103516, 1032.7208995819092)
(4274.20751953125, 1370.6953735351562)
(4274.206039428711, 1370.6872100830078)
(4443.148620605469, 1370.2823486328125)
(4274.205497741699, 1370.6910400390625)
(4445.923980712891, 1370.6303100585938)
(4596.525466918945, 1325.5545043945312)
(4445.920974731445, 1370.6411437988281)
(4596.531433105469, 1325.5579223632812)
(4843.3699951171875, 1047.1926136016846)
(4843.371032714844, 1047.1931114196777)
(5594.741104125977, 1042.8843173980713)
(5594.776611328125, 1187.4508972167969)
(5596.733016967773, 1042.9257545471191)
(5596.70344543457, 1187.3507690429688)
(5596.732360839844, 1042.9251804351807)
(5596.702529907227, 1187.3504943847656)
(6408.495178222656, 1199.1390838623047)
(6408.498092651367, 1199.1377868652344)
(6408.415273666382, 1199.0901489257812)
(2943.5595703125, 1372.5897827148438)
(3126.5379943847656, 1475.60107421875)
(2943.5646362304688, 1372.592529296875)
(3126.5287475585938, 1475.6026000976562)
(2947.5041003227234, 1372.6039123535156)
(3126.527992248535, 1475.6077270507812)
(3374.6207885742188, 1303.241195678711)
(3374.6206970214844, 1303.2415771484375)
(3575.9444580078125, 1372.5690460205078)
(3374.6236267089844, 1303.2366485595703)
(3575.9430084228516, 1372.5694274902344)
(3887.7463989257812, 1291.4578247070312)
(3887.6752319335938, 1291.4570922851562)
(3887.678295135498, 1291.459213256836)
(4274.3365478515625, 1372.62646484375)
(4274.337921142578, 1372.623031616211)
(4443.227844238281, 1372.3220672607422)
(4274.338329315186, 1372.6192321777344)
(4445.769226074219, 1372.369140625)
(4445.7717361450195, 1372.3719177246094)
(4596.529190063477, 1325.5544738769531)
(4596.533157348633, 1325.5607604980469)
(5309.887847900391, 1402.3340759277344)
(5309.883590698242, 1402.3184814453125)
(5309.8834228515625, 1402.3208923339844)
(5594.7750244140625, 1187.4472198486328)
(5596.709167480469, 1187.3486061096191)
(5596.709884643555, 1187.3491525650024)
(5928.257019042969, 1403.6624450683594)
(5928.256866455078, 1403.6596069335938)
(6077.921875, 1403.6468658447266)
(5928.26110458374, 1403.6552429199219)
(6077.919357299805, 1403.6416625976562)
(6077.92378616333, 1403.6608581542969)
(6333.3988037109375, 1487.0526733398438)
(6408.490478515625, 1199.1394653320312)
(6333.395782470703, 1487.0546264648438)
(6408.493911743164, 1199.1392974853516)
(6333.396839141846, 1487.0547485351562)
(6408.414936304092, 1199.0899200439453)
(2943.561279296875, 1372.5879211425781)
(3126.5416564941406, 1475.6090393066406)
(2943.568389892578, 1372.591926574707)
(3126.531280517578, 1475.6077728271484)
(3242.4322509765625, 1602.03857421875)
(2947.504462003708, 1372.5957107543945)
(3126.532180786133, 1475.6128234863281)
(3242.4325256347656, 1602.04736328125)
(3374.6245727539062, 1303.2459201812744)
(3242.435161590576, 1602.0465087890625)
(3374.6254119873047, 1303.2468757629395)
(3575.945327758789, 1372.5692138671875)
(3374.628936767578, 1303.239356994629)
(3575.944534301758, 1372.568702697754)
(3887.767822265625, 1291.45650100708)
(3887.768997192383, 1291.4570236206055)
(3887.770835876465, 1291.4563245773315)
(4274.337829589844, 1372.6258087158203)
(4274.338363647461, 1372.6211547851562)
(4385.519226074219, 1530.455810546875)
(4443.226531982422, 1372.3135375976562)
(4274.338088989258, 1372.6195678710938)
(4445.769317626953, 1372.3692474365234)
(4385.519012451172, 1530.4531555175781)
(4445.769607543945, 1372.3704986572266)
(4596.54443359375, 1325.5560760498047)
(4385.523838043213, 1530.4567260742188)
(4759.800598144531, 1511.0543212890625)
(4596.544830322266, 1325.5552825927734)
(4759.800811767578, 1511.0554504394531)
(5029.130920410156, 1530.3907470703125)
(4759.799713134766, 1511.0653991699219)
(5029.128646850586, 1530.3914489746094)
(5029.132915496826, 1530.3934478759766)
(5255.123748779297, 1594.5576171875)
(5309.893615722656, 1402.339859008789)
(5255.125869750977, 1594.54296875)
(5309.885894775391, 1402.3201065063477)
(5255.219873428345, 1594.608642578125)
(5309.883316040039, 1402.3187713623047)
(5928.257476806641, 1403.6670379638672)
(5928.256851196289, 1403.6565246582031)
(6077.927917480469, 1403.6475067138672)
(5928.26086807251, 1403.644546508789)
(6077.924774169922, 1403.6360778808594)
(6077.930927276611, 1403.6626434326172)
(6333.390441894531, 1487.060791015625)
(6333.384918212891, 1487.0650939941406)
(6333.384914398193, 1487.0674133300781)
(3126.5321350097656, 1475.6090698242188)
(3126.526580810547, 1475.6101837158203)
(3242.4297790527344, 1602.0537719726562)
(3126.5303344726562, 1475.609130859375)
(3242.4273376464844, 1602.0542297363281)
(3374.6402587890625, 1702.0093078613281)
(3242.4305419921875, 1602.0509033203125)
(3374.6400146484375, 1702.0079345703125)
(3374.6447982788086, 1702.006591796875)
(3887.7293701171875, 1690.1270141601562)
(3887.725555419922, 1690.163330078125)
(3887.7339630126953, 1690.1614685058594)
(4210.83317565918, 1656.844482421875)
(4210.832794189453, 1656.8448181152344)
(4385.5211181640625, 1530.453872680664)
(4385.520660400391, 1530.4555969238281)
(4385.524933815002, 1530.456802368164)
(4759.801330566406, 1511.0542602539062)
(4759.799530029297, 1511.055191040039)
(4843.363388061523, 1678.1653137207031)
(5029.131378173828, 1530.3899993896484)
(4759.798778533936, 1511.0647888183594)
(4843.358474731445, 1678.1643676757812)
(5029.129470825195, 1530.3932647705078)
(5029.131061553955, 1530.395767211914)
(5255.1230545043945, 1594.5598449707031)
(5255.122955322266, 1594.555908203125)
(5255.216209411621, 1594.6166687011719)
(5594.804595947266, 1690.7533569335938)
(5596.718215942383, 1690.6184692382812)
(5596.725875854492, 1690.6199340820312)
(6333.390441894531, 1487.064956665039)
(6408.4405517578125, 1702.3562927246094)
(6333.384918212891, 1487.0687637329102)
(6408.438995361328, 1702.3571166992188)
(6333.384201049805, 1487.0742416381836)
(6408.348778009415, 1702.3211059570312)
(2650.137481689453, 1784.6131439208984)
(2651.825958251953, 1784.759292602539)
(2651.8272552490234, 1784.7596435546875)
(2931.9737243652344, 1784.7074737548828)
(2931.974540710449, 1784.7073059082031)
(3242.4282836914062, 1602.0501022338867)
(3242.4269104003906, 1602.049705505371)
(3374.638946533203, 1702.0048522949219)
(3242.4297218322754, 1602.0476455688477)
(3374.6394958496094, 1702.0055084228516)
(3562.82470703125, 1784.7331237792969)
(3374.6385345458984, 1702.0013427734375)
(3562.8255615234375, 1784.7325439453125)
(3887.7305297851562, 1690.1216735839844)
(3887.7271881103516, 1690.1594696044922)
(3887.733501434326, 1690.1598205566406)
(4210.832366943359, 1656.844497680664)
(4210.833892822266, 1656.8453216552734)
(4650.5853271484375, 1820.2029418945312)
(4650.584320068359, 1820.1979370117188)
(4650.584815979004, 1820.19677734375)
(4843.3577880859375, 1678.1605682373047)
(4843.362365722656, 1678.167724609375)
(5255.128105163574, 1594.5559997558594)
(5255.128372192383, 1594.5546340942383)
(5255.2171087265015, 1594.615852355957)
(5594.804275512695, 1690.7527923583984)
(5596.711181640625, 1690.6158752441406)
(5596.718124389648, 1690.6174621582031)
(5916.383361816406, 1775.1455078125)
(6089.6312255859375, 1775.1174774169922)
(5916.379135131836, 1775.1355590820312)
(6089.625930786133, 1775.1201171875)
(5916.382091522217, 1775.16748046875)
(6089.624847412109, 1775.121078491211)
(6408.44287109375, 1702.3542022705078)
(6408.440185546875, 1702.3563537597656)
(6408.3472690582275, 1702.3235778808594)
(7888.4425048828125, 1869.8014831542969)
(7888.4791259765625, 1869.8130493164062)
(8085.6353759765625, 1869.8516235351562)
(7888.472564697266, 1869.8208312988281)
(8085.637435913086, 1869.8441162109375)
(8085.634019851685, 1869.8431396484375)
(8816.226348876953, 1772.9606323242188)
(8812.51986694336, 1772.729248046875)
(8808.660125732422, 1772.9461975097656)
(8816.239273071289, 1772.9556884765625)
(8812.410873413086, 1772.7271575927734)
(8808.55297088623, 1772.9399108886719)
(2650.1420288085938, 1784.614990234375)
(2651.8257446289062, 1784.762825012207)
(2651.8270263671875, 1784.7621154785156)
(2931.9757080078125, 1784.7090301513672)
(2931.97696685791, 1784.7084197998047)
(3243.2994689941406, 1979.3751220703125)
(3243.2976837158203, 1979.3778686523438)
(3374.717254638672, 1701.9579620361328)
(3243.295207977295, 1979.3740844726562)
(3374.717086791992, 1701.9591369628906)
(3562.825149536133, 1784.7310943603516)
(3374.7208557128906, 1701.9523735046387)
(3562.825927734375, 1784.731948852539)
(3887.7760009765625, 1690.1417045593262)
(3887.786102294922, 1967.4253540039062)
(3887.7731018066406, 1690.1451168060303)
(3887.7867279052734, 1967.4226684570312)
(3887.7752075195312, 1690.140100479126)
(3887.798942565918, 1967.4231567382812)
(4650.584503173828, 1820.1975860595703)
(4650.582061767578, 1820.1899719238281)
(4650.584529876709, 1820.19384765625)
(4843.371200561523, 1678.1613614559174)
(4843.373397827148, 1678.1698055267334)
(5594.797576904297, 1690.7651290893555)
(5594.521667480469, 2010.138671875)
(5596.73876953125, 1690.6180992126465)
(5596.641937255859, 2010.1772155761719)
(5596.740585327148, 1690.6186065673828)
(5596.646759033203, 2010.1748046875)
(5916.3837890625, 1775.1456298828125)
(6089.6292724609375, 1775.118782043457)
(5916.379852294922, 1775.137710571289)
(6089.623596191406, 1775.1217727661133)
(5916.382394790649, 1775.1671295166016)
(6089.623107910156, 1775.123306274414)
(6408.4532470703125, 1702.3487167358398)
(6408.453796386719, 1702.3474950790405)
(6408.34668135643, 1702.322684288025)
(7888.421081542969, 1869.8038482666016)
(7888.453826904297, 1869.8240966796875)
(7888.446029663086, 1869.8288879394531)
(8085.656036376953, 1869.8236846923828)
(8085.660415649414, 1869.8159942626953)
(8085.639064311981, 1869.8038635253906)
(8816.222518920898, 1772.961898803711)
(8812.505157470703, 1772.7317810058594)
(8808.652099609375, 1772.9466857910156)
(8816.242431640625, 1772.9561462402344)
(8812.39779663086, 1772.7277221679688)
(8808.538619995117, 1772.9395599365234)
(3243.2901916503906, 1979.3794403076172)
(3243.251739501953, 2117.4639892578125)
(3243.291961669922, 1979.3850402832031)
(3243.2513732910156, 2117.4659118652344)
(3243.288543701172, 1979.3877868652344)
(3243.250228881836, 2117.46875)
(3887.788116455078, 1967.4306030273438)
(3887.787384033203, 1967.4275360107422)
(3887.801315307617, 1967.4247741699219)
(4650.584533691406, 1820.195556640625)
(4650.582366943359, 1820.190315246582)
(4650.58487701416, 1820.196388244629)
(4843.279434204102, 2023.3397521972656)
(4843.280502319336, 2023.34228515625)
(5594.702178955078, 2011.7890930175781)
(5596.705474853516, 2011.654296875)
(5596.707458496094, 2011.654067993164)
(6408.56396484375, 2023.348861694336)
(6408.565078735352, 2023.3485107421875)
(6408.512996673584, 2023.2929992675781)
(7888.419128417969, 1869.802505493164)
(7888.437515258789, 1869.8315734863281)
(7897.169952392578, 2136.239761352539)
(7888.442474365234, 1869.83056640625)
(8085.66259765625, 1869.8092346191406)
(7897.1760330200195, 2136.2434844970703)
(8085.665985107422, 1869.810646057129)
(8085.642618179321, 1869.8003616333008)
(3243.293182373047, 1979.3851318359375)
(3243.2296142578125, 2117.474136352539)
(3243.29296875, 1979.3931999206543)
(3243.221450805664, 2117.4793395996094)
(3243.291400909424, 1979.394962310791)
(3243.2195930480957, 2117.484619140625)
(3887.7870483398438, 1967.4376754760742)
(3887.7864685058594, 1967.434913635254)
(3887.7981452941895, 1967.4302864074707)
(4843.280517578125, 2023.3422088623047)
(4843.276107788086, 2023.3447723388672)
(5594.698928833008, 2011.7908401489258)
(5594.792098999023, 2165.560028076172)
(5596.702056884766, 2011.6548309326172)
(5596.633285522461, 2165.5584411621094)
(5596.702354431152, 2011.6544647216797)
(5596.6336669921875, 2165.559600830078)
(6408.564697265625, 2023.3472747802734)
(6408.564880371094, 2023.3483123779297)
(6408.515109062195, 2023.2941513061523)
(7897.03190612793, 2136.7518920898438)
(7897.041648864746, 2136.748504638672)
(3243.223419189453, 2117.4803924560547)
(3243.2196502685547, 2117.482780456543)
(3243.2213134765625, 2117.4836711883545)
(3442.0214233398438, 2396.3819122314453)
(3442.0199127197266, 2396.377426147461)
(3887.8177490234375, 2296.1809692382812)
(3887.819580078125, 2296.1846313476562)
(3887.821907043457, 2296.1831665039062)
(4943.9854736328125, 2396.448974609375)
(4943.998870849609, 2396.4559326171875)
(4943.998428344727, 2396.453582763672)
(5594.7960205078125, 2165.559844970703)
(5596.634582519531, 2165.559310913086)
(5596.636909484863, 2165.559844970703)
(7897.051284790039, 2136.7481536865234)
(7897.063491821289, 2136.745803833008)
(3442.0833740234375, 2400.0045471191406)
(3574.267364501953, 2484.5478515625)
(3442.081802368164, 2400.002166748047)
(3574.2686767578125, 2484.5520629882812)
(3887.81494140625, 2296.1815643310547)
(3887.8163452148438, 2296.184600830078)
(3887.8224334716797, 2296.183151245117)
(4235.8577880859375, 2484.5838012695312)
(4235.858093261719, 2484.5836181640625)
(4235.837451934814, 2484.571533203125)
(4662.365020751953, 2484.7947998046875)
(4662.359115600586, 2484.7894287109375)
(4662.35929107666, 2484.7936096191406)
(4943.978576660156, 2400.0081481933594)
(4943.981552124023, 2400.0187225341797)
(4943.982315063477, 2400.017791748047)
(3442.0843505859375, 2400.010208129883)
(3574.267318725586, 2484.5460815429688)
(3442.082000732422, 2400.004493713379)
(3574.2667694091797, 2484.5479736328125)
(4235.857604980469, 2484.582977294922)
(4235.856750488281, 2484.5816650390625)
(4235.836762428284, 2484.570541381836)
(4662.364196777344, 2484.790817260742)
(4662.358108520508, 2484.7879638671875)
(4662.358097076416, 2484.7897033691406)
(4943.980133056641, 2400.0096435546875)
(4943.9815673828125, 2400.0191802978516)
(4943.982131958008, 2400.0194396972656)
(3574.2669372558594, 2484.545722961426)
(3574.266258239746, 2484.5440254211426)
(4235.859588623047, 2484.584541320801)
(4235.856994628906, 2484.5808906555176)
(4235.8388671875, 2484.572219848633)
(4662.363464355469, 2484.788433074951)
(4662.35791015625, 2484.7827758789062)
(4662.358711242676, 2484.7846908569336)
(8669.206253051758, 2743.125518798828)
(8673.705307006836, 2743.206573486328)
(8673.704231262207, 2743.2080688476562)
(8673.703094482422, 2743.204879760742)
(8795.881912231445, 2852.8931274414062)
(8673.703140258789, 2743.205108642578)
(8798.760223388672, 2853.0267028808594)
(8798.768989562988, 2853.0338439941406)
(8673.701110839844, 2743.2042083740234)
(8795.882507324219, 2852.8880310058594)
(8673.700561523438, 2743.2041015625)
(8798.756317138672, 2853.0272216796875)
(8798.767692565918, 2853.0309295654297)
(8795.877716064453, 2852.900405883789)
(8798.754272460938, 2853.031867980957)
(8798.7666015625, 2853.0362253189087)
(5960.792938232422, 3771.5142211914062)
(5960.789947509766, 3771.5142211914062)
(5960.783340454102, 3771.5210876464844)
(6211.108306884766, 3771.4415893554688)
(6211.109344482422, 3771.4383850097656)
(6211.108812332153, 3771.4366149902344)
(2849.189483642578, 3899.7296752929688)
(2849.1853942871094, 3899.7277221679688)
(2849.1958236694336, 3899.7265014648438)
(5960.790496826172, 3771.5142517089844)
(5960.789489746094, 3771.5125427246094)
(5960.781349182129, 3771.5201110839844)
(6211.105010986328, 3771.4403076171875)
(6211.10595703125, 3771.4358825683594)
(6364.495010375977, 3866.5650634765625)
(6211.105224609375, 3771.435104370117)
(6368.1195068359375, 3866.7510986328125)
(6368.117530822754, 3866.7543334960938)
(2766.5877685546875, 3982.905975341797)
(2849.1865234375, 3899.7202911376953)
(2766.606674194336, 3982.897979736328)
(2849.1840057373047, 3899.7208251953125)
(2766.6030807495117, 3982.9014892578125)
(2849.18953704834, 3899.715621948242)
(3053.7998962402344, 4028.9234619140625)
(3053.8087463378906, 4028.9300537109375)
(3353.6380310058594, 3939.0982360839844)
(3353.635772705078, 3939.1041259765625)
(3353.6372871398926, 3939.102035522461)
(3875.5130310058594, 3950.804977416992)
(3875.5177307128906, 3950.806686401367)
(3875.5221548080444, 3950.8057861328125)
(4569.138717651367, 3960.668212890625)
(4569.467559814453, 3960.6028442382812)
(4569.463226318359, 3960.599624633789)
(5230.955413818359, 3972.4710693359375)
(5230.954071044922, 3972.470672607422)
(5716.118133544922, 3965.635208129883)
(5716.1351318359375, 3965.651824951172)
(5960.7860107421875, 3771.5239295959473)
(5716.140899658203, 3965.6519927978516)
(5960.7823486328125, 3771.5213584899902)
(5960.77783203125, 3771.523277282715)
(6211.105407714844, 3771.4421310424805)
(6211.104156494141, 3771.435661315918)
(6364.5135498046875, 3977.198028564453)
(6364.502380371094, 3866.5652465820312)
(6211.10514831543, 3771.439666748047)
(6368.120193481445, 3866.7552947998047)
(6368.021148681641, 3977.2695922851562)
(6368.118354797363, 3866.7593383789062)
(6368.0196533203125, 3977.2731323242188)
(2766.5882873535156, 3982.907028198242)
(2849.1207885742188, 3899.737350463867)
(2766.614456176758, 3982.897430419922)
(2849.119659423828, 3899.7372131347656)
(2766.6131439208984, 3982.8985290527344)
(2849.122756958008, 3899.731746673584)
(3053.7954864501953, 4028.9227752685547)
(3053.799270629883, 4028.9256591796875)
(3353.6386108398438, 3939.0985565185547)
(3353.636474609375, 3939.104133605957)
(3353.6394119262695, 3939.098678588867)
(3875.5189819335938, 3950.805679321289)
(3875.5199584960938, 3950.8062896728516)
(3875.5225982666016, 3950.8060989379883)
(4569.142868041992, 3960.662155151367)
(4569.465347290039, 3960.5983276367188)
(4569.462425231934, 3960.6024017333984)
(4763.250244140625, 4188.276992797852)
(4950.435485839844, 4081.4909057617188)
(4763.266326904297, 4188.281112670898)
(4950.421112060547, 4081.471221923828)
(4763.2704067230225, 4188.274719238281)
(4950.421546936035, 4081.471954345703)
(5206.676452636719, 4188.31884765625)
(5230.953948974609, 3972.4669456481934)
(5206.840377807617, 4188.311492919922)
(5359.922546386719, 4133.858642578125)
(5230.9524002075195, 3972.467311859131)
(5206.839401245117, 4188.309356689453)
(5359.920715332031, 4133.853302001953)
(5716.123291015625, 3965.634048461914)
(5716.1400146484375, 3965.6509857177734)
(5716.153259277344, 3965.6536178588867)
(6364.516082763672, 3866.5640602111816)
(6364.526458740234, 3977.2032775878906)
(6368.121139526367, 3866.7596855163574)
(6368.02392578125, 3977.2718505859375)
(6368.1298828125, 3866.7665004730225)
(6368.021026611328, 3977.2754821777344)
(2669.66259765625, 4272.511901855469)
(2766.5693359375, 3982.95561504364)
(2669.663360595703, 4272.5076904296875)
(2904.4826049804688, 4272.388610839844)
(2766.6136169433594, 3982.86047911644)
(2904.556198120117, 4272.482604980469)
(2766.613525390625, 3982.8637895584106)
(2904.557456970215, 4272.481201171875)
(3053.79345703125, 4028.924575805664)
(3053.794448852539, 4028.926109313965)
(3587.901641845703, 4233.617126464844)
(3587.901657104492, 4233.617462158203)
(3875.5509033203125, 4308.7596435546875)
(3589.659173965454, 4233.698791503906)
(3875.5531005859375, 4308.7581787109375)
(3991.43212890625, 4232.918884277344)
(4178.484619140625, 4233.00634765625)
(3875.5496864318848, 4308.7596435546875)
(3991.4375762939453, 4232.909698486328)
(4178.446929931641, 4232.998962402344)
(3991.442148208618, 4232.92236328125)
(4178.447975158691, 4232.999420166016)
(4763.106262207031, 4191.8675537109375)
(4763.102386474609, 4191.866973876953)
(4841.0655517578125, 4267.0809326171875)
(4950.435882568359, 4081.4935913085938)
(4763.106826782227, 4191.870620727539)
(4841.064453125, 4267.07861328125)
(4950.421356201172, 4081.4677734375)
(4950.421539306641, 4081.469985961914)
(5112.431594848633, 4281.456878662109)
(5206.773864746094, 4191.841201782227)
(5112.431701660156, 4281.4556884765625)
(5206.772109985352, 4191.851547241211)
(5231.099166870117, 3973.9242696762085)
(5359.919219970703, 4133.85205078125)
(5206.773178100586, 4191.858123779297)
(5231.099014282227, 3973.928493499756)
(5359.918563842773, 4133.847442626953)
(6364.586578369141, 3977.1991045475006)
(6368.099273681641, 3977.1923608779907)
(6368.096954345703, 3977.1945190429688)
(2669.6610717773438, 4272.509307861328)
(2669.661895751953, 4272.507537841797)
(2904.4800415039062, 4272.38232421875)
(2904.5548400878906, 4272.479339599609)
(3151.7181091308594, 4400.829284667969)
(2904.5543365478516, 4272.481414794922)
(3151.7576904296875, 4400.871643066406)
(3151.758346557617, 4400.8804931640625)
(3587.902313232422, 4233.617324829102)
(3587.9015464782715, 4233.617446899414)
(3875.5532836914062, 4308.821105957031)
(3589.6552572250366, 4233.697814941406)
(3991.4341430664062, 4232.918273925781)
(3875.5552368164062, 4308.82063293457)
(4178.484893798828, 4233.005859375)
(3875.558609008789, 4308.815979003906)
(3991.4400787353516, 4232.906982421875)
(4178.445617675781, 4232.997909545898)
(3991.4432582855225, 4232.920944213867)
(4178.447402954102, 4232.998260498047)
(4763.108367919922, 4191.867431640625)
(4763.102935791016, 4191.8652267456055)
(4841.066253662109, 4267.081741333008)
(4763.106685638428, 4191.870140075684)
(4841.064888000488, 4267.080108642578)
(5112.429870605469, 4281.4598388671875)
(5206.773193359375, 4191.845565795898)
(5112.430953979492, 4281.461181640625)
(5206.773391723633, 4191.858901977539)
(5359.920867919922, 4133.8520040512085)
(5206.774520874023, 4191.861679077148)
(5359.919525146484, 4133.846618652344)
(6065.946472167969, 4442.069274902344)
(6065.9437255859375, 4442.068908691406)
(6065.946990966797, 4442.04931640625)
(2669.6605224609375, 4272.515800476074)
(2669.661422729492, 4272.51212310791)
(2904.4762573242188, 4272.38395690918)
(3003.495574951172, 4529.050537109375)
(2904.5557403564453, 4272.480701446533)
(3003.4915161132812, 4529.046447753906)
(3151.7182006835938, 4400.828033447266)
(2904.5567321777344, 4272.480571746826)
(3003.488815307617, 4529.0452880859375)
(3151.759490966797, 4400.873687744141)
(3353.55517578125, 4467.515350341797)
(3151.7596130371094, 4400.880340576172)
(3353.5516967773438, 4467.522384643555)
(3353.558422088623, 4467.512420654297)
(3587.8862228393555, 4233.570348739624)
(3587.8858489990234, 4233.57145857811)
(3875.5458984375, 4308.8206787109375)
(3589.6220750808716, 4233.675253152847)
(3875.546600341797, 4308.820159912109)
(3991.4105224609375, 4232.878581762314)
(3875.5560989379883, 4308.817398071289)
(4178.473388671875, 4232.974321365356)
(3991.411422729492, 4232.875312566757)
(4178.483871459961, 4232.943816900253)
(3991.416223526001, 4232.87632393837)
(4178.48486328125, 4232.94443488121)
(4430.8023681640625, 4454.165618896484)
(4430.869598388672, 4454.156311035156)
(4525.216278076172, 4499.1651611328125)
(4430.869155883789, 4454.15673828125)
(4525.217590332031, 4499.1673583984375)
(4525.218704223633, 4499.168701171875)
(4841.0604248046875, 4267.083915710449)
(5074.706146240234, 4453.202117919922)
(4841.059547424316, 4267.083160400391)
(5074.691131591797, 4453.178771972656)
(5112.4300537109375, 4281.462791442871)
(5168.812316894531, 4536.888671875)
(5074.691635131836, 4453.18034362793)
(5112.430435180664, 4281.463676452637)
(5168.811828613281, 4536.890625)
(5168.811218261719, 4536.8834228515625)
(5890.0235595703125, 4536.8558349609375)
(6066.092468261719, 4443.409866333008)
(5890.019577026367, 4536.85400390625)
(6066.093536376953, 4443.408782958984)
(5892.578236103058, 4536.904144287109)
(6066.088737487793, 4443.405700683594)
(3003.49658203125, 4529.052810668945)
(3003.4923400878906, 4529.049285888672)
(3151.7184448242188, 4400.82755279541)
(3003.490074157715, 4529.049621582031)
(3151.7566528320312, 4400.880302429199)
(3353.5565795898438, 4467.516944885254)
(3151.7572021484375, 4400.8825607299805)
(3353.557891845703, 4467.516265869141)
(3353.5650901794434, 4467.512908935547)
(4430.803192138672, 4454.167579650879)
(4430.867645263672, 4454.158248901367)
(4525.216247558594, 4499.165969848633)
(4430.867111206055, 4454.158218383789)
(4525.217071533203, 4499.167816162109)
(4525.219284057617, 4499.169342041016)
(5074.706634521484, 4453.202880859375)
(5074.693710327148, 4453.174835205078)
(5168.8074951171875, 4536.878753662109)
(5074.694305419922, 4453.175354003906)
(5168.80712890625, 4536.880126953125)
(5168.807605743408, 4536.87516784668)
(5716.163024902344, 4601.646347045898)
(5716.142272949219, 4601.622955322266)
(5716.135070800781, 4601.619216918945)
(5890.017646789551, 4536.846130371094)
(6066.090118408203, 4443.408981323242)
(5890.016555786133, 4536.847320556641)
(6066.0963134765625, 4443.408706665039)
(5892.568983078003, 4536.903625488281)
(6066.097557067871, 4443.40860748291)
(6423.460144042969, 4613.3804931640625)
(6423.459442138672, 4613.381011962891)
(6423.513724803925, 4613.378479003906)
(3003.500244140625, 4529.049156188965)
(3003.497116088867, 4529.047157287598)
(3003.495391845703, 4529.046173095703)
(4166.637756347656, 4713.523742675781)
(4166.638519287109, 4713.521789550781)
(4166.639694213867, 4713.523254394531)
(4525.235107421875, 4499.148513317108)
(4525.236663818359, 4499.152528762817)
(4525.234420776367, 4499.151076793671)
(4901.638580322266, 4713.512420654297)
(4901.641159057617, 4713.509521484375)
(4901.647132873535, 4713.5084228515625)
(5168.813049316406, 4536.8687171936035)
(5168.811370849609, 4536.871116638184)
(5168.8128662109375, 4536.868438720703)
(5716.1595458984375, 4601.643623352051)
(5716.140151977539, 4601.621124267578)
(5716.140113830566, 4601.620162963867)
(5937.3162841796875, 4713.529708862305)
(5890.023567199707, 4536.849353790283)
(5937.317596435547, 4713.528762817383)
(5890.021896362305, 4536.848602294922)
(5937.318252563477, 4713.527908325195)
(6222.613342285156, 4713.563568115234)
(5892.577179431915, 4536.896179199219)
(6222.607177734375, 4713.533508300781)
(6222.604721069336, 4713.537307739258)
(6423.459716796875, 4613.381500244141)
(6423.458892822266, 4613.382564544678)
(6423.513460159302, 4613.378021240234)
(3449.6638946533203, 4868.357696533203)
(3449.662582397461, 4868.358581542969)
(3730.2421264648438, 4931.674957275391)
(3730.240753173828, 4931.675354003906)
(4003.0309448242188, 4868.3656005859375)
(3730.234215259552, 4931.689270019531)
(4003.027862548828, 4868.360870361328)
(4166.639373779297, 4713.521194458008)
(4003.033173561096, 4868.3574142456055)
(4166.638580322266, 4713.520568847656)
(4166.637420654297, 4713.526550292969)
(4569.194793701172, 4927.656494140625)
(4569.518585205078, 4927.596343994141)
(4569.516891479492, 4927.591064453125)
(4901.639495849609, 4713.50959777832)
(4901.640213012695, 4713.5087890625)
(4901.643096923828, 4713.508125305176)
(5230.832946777344, 4915.951171875)
(5230.8326416015625, 4915.950897216797)
(5716.135803222656, 4904.297058105469)
(5716.139495849609, 4904.296112060547)
(5716.138244628906, 4904.295959472656)
(5937.317199707031, 4713.53434753418)
(5937.3165283203125, 4713.533462524414)
(5937.315841674805, 4713.530975341797)
(6222.610534667969, 4713.566986083984)
(6222.605621337891, 4713.535751342773)
(6364.550933837891, 4915.8856201171875)
(6368.098968505859, 4916.049743652344)
(6222.607070922852, 4713.539276123047)
(6423.721618652344, 4614.364005088806)
(6368.097152709961, 4916.051300048828)
(6423.717239379883, 4614.385277271271)
(6423.720561981201, 4614.447386741638)
(2791.8606872558594, 4965.052551269531)
(2791.8602142333984, 4965.054122924805)
(3449.6661987304688, 4868.358432769775)
(3449.6640701293945, 4868.359893798828)
(3730.237548828125, 4931.670013427734)
(3802.716522216797, 5011.947174072266)
(3730.234115600586, 4931.667404174805)
(3875.558349609375, 4965.041275024414)
(3804.452423095703, 5011.9119873046875)
(4003.0274047851562, 4868.364059448242)
(3730.2288036346436, 4931.684539794922)
(3875.558837890625, 4965.039611816406)
(3804.4522857666016, 5011.9102783203125)
(4003.0311126708984, 4868.363739013672)
(3875.5724296569824, 4965.041610717773)
(4003.0386056900024, 4868.363067626953)
(4569.130813598633, 5061.197326660156)
(4569.190673828125, 4927.659423828125)
(4569.459045410156, 5061.282623291016)
(4569.5140380859375, 4927.594665527344)
(4569.459289550781, 5061.280578613281)
(4569.509963989258, 4927.591018676758)
(5230.831390380859, 4915.949783325195)
(5230.937469482422, 5049.591735839844)
(5230.831123352051, 4915.949066162109)
(5230.939079284668, 5049.592712402344)
(5716.133392333984, 4904.299957275391)
(5716.152282714844, 5064.76513671875)
(5716.167251586914, 5064.765319824219)
(5716.136779785156, 4904.297943115234)
(5716.1689453125, 5064.764251708984)
(5716.141067504883, 4904.297134399414)
(6364.561492919922, 4915.887725830078)
(6368.099639892578, 4916.0479736328125)
(6368.097763061523, 4916.046936035156)
(2791.8612365722656, 4965.05403137207)
(2791.955596923828, 5180.9825439453125)
(2791.86238861084, 4965.05436706543)
(2791.9552154541016, 5180.982330322266)
(3449.610137939453, 4869.774040222168)
(3449.6093826293945, 4869.77400302887)
(3730.236785888672, 4931.6687088012695)
(3802.719528198242, 5011.947235107422)
(3730.230728149414, 4931.664140701294)
(3875.5531005859375, 4965.041038513184)
(3804.4508361816406, 5011.910430908203)
(3875.4110717773438, 5211.940856933594)
(3730.2284812927246, 4931.6825885772705)
(4002.8994140625, 4869.828508377075)
(3875.5565185546875, 4965.036842346191)
(3804.449935913086, 5011.90837097168)
(3875.404251098633, 5211.935791015625)
(4002.8997192382812, 4869.844139575958)
(3875.571617126465, 4965.040451049805)
(3875.4258346557617, 5211.924987792969)
(4002.909544944763, 4869.852922439575)
(4569.117370605469, 5061.199783325195)
(4569.189514160156, 4927.663913726807)
(4569.4276123046875, 5061.28662109375)
(4569.511978149414, 4927.596607208252)
(4569.425857543945, 5061.287734985352)
(4569.511291503906, 4927.593746185303)
(5230.830215454102, 4915.954025268555)
(5230.929748535156, 5049.596633911133)
(5230.830665588379, 4915.953422546387)
(5230.930694580078, 5049.595520019531)
(5716.133117675781, 4904.300888061523)
(5716.137603759766, 5064.76188659668)
(5716.176574707031, 5203.186553955078)
(5716.147857666016, 5064.765563964844)
(5716.139358520508, 4904.296806335449)
(5716.17121887207, 5203.225433349609)
(5790.172332763672, 5185.773864746094)
(5716.153381347656, 5064.764373779297)
(5716.1444091796875, 4904.295524597168)
(5716.173385620117, 5203.226501464844)
(5790.168853759766, 5185.768859863281)
(5790.169240951538, 5185.767333984375)
(6364.5645751953125, 4915.896484375)
(6368.098403930664, 4916.050624847412)
(6368.098037719727, 4916.045036315918)
(2653.4505462646484, 5334.659423828125)
(2657.9617309570312, 5334.626068115234)
(2657.9624633789062, 5334.626647949219)
(2791.953170776367, 5180.9832763671875)
(2927.999725341797, 5334.676025390625)
(2791.9535217285156, 5180.986083984375)
(2928.0007934570312, 5334.676849365234)
(3802.7091064453125, 5011.920923233032)
(3875.4747314453125, 5215.126983642578)
(3804.4608459472656, 5011.90918302536)
(3875.474319458008, 5215.1259765625)
(3804.459274291992, 5011.907438278198)
(3875.4747352600098, 5215.133392333984)
(4235.916290283203, 5333.0001220703125)
(4235.91552734375, 5332.999420166016)
(4235.90193772316, 5333.018127441406)
(4569.1248779296875, 5061.201103210449)
(4569.434478759766, 5061.290891647339)
(4569.435905456543, 5061.2908935546875)
(5230.927947998047, 5049.600570678711)
(5230.9285888671875, 5049.599082946777)
(5716.136962890625, 5064.761245727539)
(5716.1553955078125, 5203.185272216797)
(5716.144622802734, 5064.768104553223)
(5716.150665283203, 5203.238784790039)
(5790.171325683594, 5185.765686035156)
(5716.150817871094, 5064.765182495117)
(5716.151206970215, 5203.238555908203)
(5790.1707763671875, 5185.758941650391)
(5790.169364929199, 5185.759735107422)
(2653.456756591797, 5334.635284423828)
(2657.8637084960938, 5334.608367919922)
(2657.863655090332, 5334.605529785156)
(2791.9527435302734, 5180.980762481689)
(2927.9051361083984, 5334.686248779297)
(2791.952651977539, 5180.984031677246)
(2927.9044342041016, 5334.684112548828)
(3875.4735107421875, 5215.127899169922)
(3875.474639892578, 5215.125778198242)
(3875.474075317383, 5215.13166809082)
(4235.858459472656, 5333.040100097656)
(4235.857833862305, 5333.039398193359)
(4235.83931517601, 5333.048889160156)
(5716.1539306640625, 5203.183898925781)
(5716.149932861328, 5203.235549926758)
(5790.168701171875, 5185.754531860352)
(5716.1495361328125, 5203.233428955078)
(5790.167236328125, 5185.752685546875)
(5790.168897628784, 5185.760515213013)
(2653.399169921875, 5334.642669677734)
(2657.866668701172, 5334.608024597168)
(2657.8663635253906, 5334.609313964844)
(2927.9051666259766, 5334.681976318359)
(2927.903549194336, 5334.67960357666)
(4235.8583984375, 5333.041809082031)
(4235.857421875, 5333.04248046875)
(4235.838929176331, 5333.050521850586)
(5636.834364891052, 6486.762428283691)
