(2736.28759765625, 1077.505126953125)
(2736.2933959960938, 1077.5035400390625)
(2736.295211791992, 1077.5057983398438)
(3032.93408203125, 1096.1136474609375)
(3034.8982849121094, 1096.2664794921875)
(3034.8983459472656, 1096.2669067382812)
(3460.209297180176, 1058.2155151367188)
(3460.20947265625, 1058.2172546386719)
(3462.6753730773926, 1058.2562255859375)
(3814.3818359375, 1096.2194519042969)
(3814.3826217651367, 1096.2180786132812)
(2736.2928771972656, 1077.506088256836)
(2736.2972717285156, 1077.5074310302734)
(2736.297576904297, 1077.5071868896484)
(3032.9603881835938, 1096.1156616210938)
(3034.9004974365234, 1096.2633972167969)
(3034.89949798584, 1096.2630615234375)
(3460.211311340332, 1058.2137603759766)
(3460.211696624756, 1058.2118225097656)
(3462.6695613861084, 1058.2595672607422)
(3814.378875732422, 1096.2135009765625)
(3814.379440307617, 1096.2123107910156)
(4366.915832519531, 1209.4951782226562)
(4366.912673950195, 1209.4927978515625)
(4366.898319244385, 1209.4934997558594)
(2736.2985229492188, 1077.5049057006836)
(2736.3006591796875, 1077.5029525756836)
(2736.301010131836, 1077.4990844726562)
(3032.960235595703, 1096.1160736083984)
(3034.9034576416016, 1096.2586135864258)
(3034.904853820801, 1096.2550735473633)
(3460.2149353027344, 1058.1992635726929)
(3460.214874267578, 1058.1986083984375)
(3462.656903743744, 1058.2661809921265)
(3814.3822326660156, 1096.2104015350342)
(3814.3838119506836, 1096.2055587768555)
(4366.916442871094, 1209.4970092773438)
(4366.912460327148, 1209.494873046875)
(4366.9002475738525, 1209.4962768554688)
(5824.922912597656, 1270.6054382324219)
(5824.922302246094, 1270.6055908203125)
(5824.9228515625, 1270.611557006836)
(2908.744903564453, 1407.609390258789)
(2914.3194885253906, 1407.348388671875)
(2914.3156509399414, 1407.3471374511719)
(3693.5945739746094, 1406.2526550292969)
(3693.5917587280273, 1406.2484741210938)
(4366.9176025390625, 1209.50048828125)
(4366.910202026367, 1209.4949264526367)
(4366.898047447205, 1209.4956665039062)
(5824.923767089844, 1270.6033325195312)
(5824.922164916992, 1270.6001281738281)
(5824.921798706055, 1270.6027603149414)
(2576.055908203125, 1624.7802276611328)
(2652.380859375, 1551.1672668457031)
(2657.804000854492, 1551.1235961914062)
(2576.0538940429688, 1624.7909240722656)
(2817.8195877075195, 1521.4833984375)
(2657.8026580810547, 1551.1218872070312)
(2576.104021549225, 1624.7583618164062)
(2908.7651977539062, 1407.6094360351562)
(2817.8208618164062, 1521.4811401367188)
(2914.317657470703, 1407.3480377197266)
(2914.3158416748047, 1407.3478546142578)
(2821.330813884735, 1521.33203125)
(3595.48681640625, 1521.3871154785156)
(3595.4849243164062, 1521.3836822509766)
(3693.597930908203, 1406.2550354003906)
(3595.4962682724, 1521.3662414550781)
(3693.596420288086, 1406.2511138916016)
(5171.259124755859, 1522.0523681640625)
(5171.259353637695, 1522.0506591796875)
(5171.258766174316, 1522.05029296875)
(5712.767425537109, 1521.7735900878906)
(5712.712951660156, 1521.76416015625)
(5712.713607788086, 1521.7643432617188)
(6338.9737548828125, 1522.0090026855469)
(6338.972915649414, 1522.0068664550781)
(6338.974271774292, 1522.0062866210938)
(6778.67333984375, 1521.9840698242188)
(6778.675384521484, 1521.9852600097656)
(7345.334533691406, 1522.1607818603516)
(7345.320648193359, 1522.1575317382812)
(7345.3137283325195, 1522.1465911865234)
(2522.4351196289062, 1738.8252258300781)
(2525.901138305664, 1738.9113464355469)
(2576.080108642578, 1626.7078857421875)
(2652.371353149414, 1551.1627502441406)
(2525.8618698120117, 1738.9249267578125)
(2657.805694580078, 1551.1261444091797)
(2576.0831909179688, 1626.707275390625)
(2817.8209915161133, 1521.485939025879)
(2657.8043212890625, 1551.1238403320312)
(2576.1098008155823, 1626.7108612060547)
(2817.819366455078, 1521.4866638183594)
(2914.4520263671875, 1412.3387908935547)
(3035.7946166992188, 1722.2315368652344)
(3040.38818359375, 1722.2987365722656)
(2821.3338375091553, 1521.3442459106445)
(2914.453338623047, 1412.332552909851)
(3040.3953704833984, 1722.2989501953125)
(3595.4862365722656, 1521.383773803711)
(3595.4876556396484, 1521.3899230957031)
(3693.3909759521484, 1411.66894865036)
(3819.8946075439453, 1722.2236022949219)
(3595.4990406036377, 1521.3765106201172)
(3693.3894653320312, 1411.6678981781006)
(3819.895263671875, 1722.22216796875)
(4336.6417236328125, 1734.0587463378906)
(4336.636047363281, 1734.0696411132812)
(4771.295440673828, 1702.0310668945312)
(4771.295928955078, 1702.0277099609375)
(4771.301986694336, 1702.02685546875)
(5171.258270263672, 1522.05126953125)
(5171.259262084961, 1522.0509796142578)
(5390.478088378906, 1725.7772521972656)
(5171.2579345703125, 1522.0507888793945)
(5390.481887817383, 1725.7826538085938)
(5390.467853546143, 1725.8130493164062)
(5712.771331787109, 1521.7738494873047)
(5712.715789794922, 1521.7649383544922)
(5932.375915527344, 1722.31689453125)
(5712.716384887695, 1521.7619705200195)
(5932.379943847656, 1722.31884765625)
(5932.380027770996, 1722.3170776367188)
(6338.974670410156, 1522.0086975097656)
(6338.974838256836, 1522.0059356689453)
(6338.974876403809, 1522.006362915039)
(6778.674209594727, 1521.9868469238281)
(6778.674659729004, 1521.9862670898438)
(7293.308578491211, 1730.8701171875)
(7345.343566894531, 1522.1502838134766)
(7293.311309814453, 1730.8707885742188)
(7345.334808349609, 1522.1441345214844)
(7345.324565887451, 1522.141944885254)
(7299.078419685364, 1731.0111999511719)
(2390.4359741210938, 1790.1265258789062)
(2390.447067260742, 1790.132827758789)
(2522.4071350097656, 1738.8010711669922)
(2525.8701171875, 1738.9001770019531)
(2390.4000091552734, 1790.1361694335938)
(2576.0834350585938, 1626.6795501708984)
(2652.3558807373047, 1551.2242631912231)
(2657.7620239257812, 1551.117530822754)
(2525.862106323242, 1738.9052734375)
(2576.0823364257812, 1626.7067642211914)
(2657.762496948242, 1551.1171836853027)
(2576.1103191375732, 1626.7131958007812)
(3035.786102294922, 1722.2351531982422)
(3040.3898162841797, 1722.3018493652344)
(3040.3990020751953, 1722.30029296875)
(3819.893569946289, 1722.2291412353516)
(3819.8932037353516, 1722.2266235351562)
(4336.635971069336, 1734.0693969726562)
(4336.632873535156, 1734.0702819824219)
(4471.235870361328, 1805.6089477539062)
(4471.237510681152, 1805.6094360351562)
(4771.297180175781, 1702.0303344726562)
(4771.296920776367, 1702.0310363769531)
(4771.303981781006, 1702.0283203125)
(5213.284103393555, 1771.348861694336)
(5219.781982421875, 1770.9563293457031)
(5219.779106140137, 1770.9569091796875)
(5390.480804443359, 1725.7760925292969)
(5390.484466552734, 1725.7794342041016)
(5390.46795463562, 1725.8143920898438)
(5932.368835449219, 1722.3152465820312)
(5932.372543334961, 1722.3206481933594)
(6048.011657714844, 1763.8864440917969)
(5932.374706268311, 1722.3200378417969)
(6232.5989990234375, 1870.6527709960938)
(6048.017608642578, 1763.8911437988281)
(6234.308746337891, 1870.8428039550781)
(6048.03617477417, 1763.9058685302734)
(6234.309585571289, 1870.843017578125)
(6994.2470703125, 1798.5827941894531)
(6994.23698425293, 1798.5891418457031)
(6994.236923217773, 1798.5856246948242)
(7293.30534362793, 1730.8664855957031)
(7293.306953430176, 1730.8699645996094)
(7403.18034362793, 1818.3538818359375)
(7403.1790771484375, 1818.3502502441406)
(7299.076119422913, 1731.0258331298828)
(2184.7135696411133, 1965.900390625)
(2184.712345123291, 1965.9000854492188)
(2390.4370727539062, 1790.12890625)
(2184.9109325408936, 1965.9999694824219)
(2390.4410858154297, 1790.137466430664)
(2522.4426879882812, 1738.814682006836)
(2525.8721618652344, 1738.9027862548828)
(2390.398277282715, 1790.1387405395508)
(2525.865921020508, 1738.9011840820312)
(3035.7740173339844, 1722.2359771728516)
(3040.3917846679688, 1722.3025856018066)
(3040.402816772461, 1722.3011779785156)
(3819.8934326171875, 1722.2305755615234)
(3819.8931198120117, 1722.2274055480957)
(4336.635192871094, 1734.0686492919922)
(4336.632614135742, 1734.0700397491455)
(4471.184631347656, 1805.6108703613281)
(4471.2386474609375, 1805.6088256835938)
(4771.297210693359, 1702.0299911499023)
(4771.294006347656, 1702.029028892517)
(4771.302206993103, 1702.028091430664)
(5213.268844604492, 1771.3418731689453)
(5219.778656005859, 1770.9566650390625)
(5219.7763748168945, 1770.9544525146484)
(5390.4852294921875, 1725.7672958374023)
(5390.487091064453, 1725.769920349121)
(5390.480514526367, 1725.8133125305176)
(5932.366516113281, 1722.3093338012695)
(5932.368515014648, 1722.3137283325195)
(6048.017272949219, 1763.8243560791016)
(6160.964263916016, 1959.8739318847656)
(5932.371490478516, 1722.3163108825684)
(6232.603378295898, 1870.636459350586)
(6048.023666381836, 1763.8408432006836)
(6234.3052978515625, 1870.8009033203125)
(6160.965225219727, 1959.8873901367188)
(6048.038955688477, 1763.8690032958984)
(6234.306343078613, 1870.8002624511719)
(6160.979123592377, 1959.8832092285156)
(6661.2724609375, 1919.41259765625)
(6661.272064208984, 1919.416519165039)
(6851.387298583984, 1953.5643920898438)
(6994.2464599609375, 1798.582015991211)
(6663.169165611267, 1919.5330505371094)
(6851.383163452148, 1953.580078125)
(6994.234588623047, 1798.589023590088)
(7020.704010009766, 1953.7384338378906)
(6851.387992858887, 1953.5806884765625)
(6994.273788452148, 1798.5384521484375)
(7020.694625854492, 1953.73193359375)
(7293.3046875, 1730.8640213012695)
(7293.305099487305, 1730.8691577911377)
(7403.178436279297, 1818.3489074707031)
(7403.176734924316, 1818.3426818847656)
(7299.075371026993, 1731.0261154174805)
(2184.1130905151367, 2069.0567626953125)
(2184.7127685546875, 1965.9002380371094)
(2184.0100708007812, 2116.2332763671875)
(2184.1158714294434, 2069.0569458007812)
(2184.713623046875, 1965.8981018066406)
(2184.010055541992, 2116.2330627441406)
(2390.1423950195312, 1795.721745967865)
(2184.8718070983887, 1965.9941864013672)
(2184.6466960906982, 2068.9869689941406)
(2184.5451822280884, 2116.2269287109375)
(2390.2657012939453, 1795.6370902061462)
(2390.267890930176, 1795.616515636444)
(4471.303131103516, 1805.592098236084)
(4471.304374694824, 1805.5937576293945)
(6160.9642333984375, 1959.8684692382812)
(6232.592987060547, 1870.6349182128906)
(6234.306488037109, 1870.8005065917969)
(6160.965576171875, 1959.8840637207031)
(6234.307861328125, 1870.8019409179688)
(6160.978355407715, 1959.8839874267578)
(6661.273010253906, 1919.4185180664062)
(6661.273391723633, 1919.4220123291016)
(6851.401184082031, 1953.571792602539)
(6947.151428222656, 2130.0608520507812)
(6994.153869628906, 1799.751603603363)
(6663.154799461365, 1919.5311889648438)
(6851.389343261719, 1953.5771179199219)
(6947.151321411133, 2130.0603637695312)
(6994.146713256836, 1799.7391877174377)
(7020.69482421875, 1953.7371826171875)
(6851.3863525390625, 1953.5716552734375)
(6947.152611732483, 2130.0503540039062)
(7145.294891357422, 2051.6812744140625)
(6994.145210266113, 1799.7386379241943)
(7020.680442810059, 1953.7191772460938)
(7145.293365478516, 2051.6843872070312)
(7403.177093505859, 1818.3304805755615)
(7403.18327331543, 1818.3460884094238)
(2184.1119995117188, 2069.0548400878906)
(2184.7112426757812, 1965.8544006347656)
(2184.0140380859375, 2116.2333374023438)
(2184.113540649414, 2069.056915283203)
(2184.7125854492188, 1965.8544578552246)
(2184.0147666931152, 2116.234649658203)
(2184.6292638778687, 2068.9917755126953)
(2184.8485584259033, 1965.9940185546875)
(2184.532745361328, 2116.2349548339844)
(4813.652038574219, 2232.7652282714844)
(4724.298553466797, 2265.8192749023438)
(4813.6539306640625, 2232.776092529297)
(4724.2980880737305, 2265.831787109375)
(4813.655311584473, 2232.7770080566406)
(5627.358215332031, 2263.7395782470703)
(5627.356391906738, 2263.7246704101562)
(5634.297202587128, 2263.7403564453125)
(6090.313781738281, 2241.1449279785156)
(6090.304489135742, 2241.144500732422)
(6160.967102050781, 1959.8722457885742)
(6090.304214477539, 2241.1517333984375)
(6160.966766357422, 1959.881504058838)
(6160.9799156188965, 1959.8840560913086)
(6661.190887451172, 1924.2956886291504)
(6661.190952301025, 1924.2963371276855)
(6851.4488525390625, 1953.5983896255493)
(6947.184143066406, 2130.0446166992188)
(6851.428558349609, 1953.5925331115723)
(6663.059857368469, 1924.4044065475464)
(6947.185028076172, 2130.0460815429688)
(7020.721939086914, 1953.7471504211426)
(6851.425428390503, 1953.591640472412)
(6947.185592651367, 2130.0325775146484)
(7145.293640136719, 2051.6851806640625)
(7020.692291259766, 1953.732738494873)
(7145.295364379883, 2051.6784324645996)
(2184.112236022949, 2069.0554814338684)
(2184.015167236328, 2116.2345581054688)
(2184.1127319335938, 2069.057378768921)
(2184.018280029297, 2116.2389373779297)
(2184.615337371826, 2068.989902973175)
(2184.5239639282227, 2116.233839035034)
(2613.4005737304688, 2278.8329162597656)
(2613.407272338867, 2278.834747314453)
(2613.4068183898926, 2278.837158203125)
(3598.255340576172, 2361.53125)
(3598.2562866210938, 2361.5327758789062)
(3598.2443895339966, 2361.5206604003906)
(3932.862091064453, 2329.8182983398438)
(3938.8592224121094, 2329.9463500976562)
(3938.857391357422, 2329.946044921875)
(4538.364074707031, 2371.396240234375)
(4538.366394042969, 2371.3942260742188)
(4813.652648925781, 2232.765182495117)
(4538.36340713501, 2371.39306640625)
(4724.197952270508, 2268.4719848632812)
(4724.06120300293, 2295.8975830078125)
(4813.655349731445, 2232.7730102539062)
(4724.1989822387695, 2268.47119140625)
(4724.0617599487305, 2295.895782470703)
(4813.6568603515625, 2232.777786254883)
(5376.809967041016, 2370.2410278320312)
(5376.816436767578, 2370.239471435547)
(5494.766143798828, 2326.3641052246094)
(5627.334411621094, 2264.4229431152344)
(5494.766540527344, 2326.363525390625)
(5380.971803665161, 2370.125244140625)
(5627.334533691406, 2264.4238891601562)
(5634.234951972961, 2264.552703857422)
(6090.308166503906, 2241.1620025634766)
(6090.301742553711, 2241.155242919922)
(6157.941955566406, 2370.277374267578)
(6090.30126953125, 2241.1607971191406)
(6157.941146850586, 2370.2837524414062)
(6157.926452636719, 2370.2877807617188)
(6947.183624267578, 2130.042770385742)
(6947.184997558594, 2130.046905517578)
(6947.185199737549, 2130.0340881347656)
(7145.397430419922, 2054.4150624275208)
(7145.392990112305, 2054.4028334617615)
(2413.10400390625, 2513.8326416015625)
(2613.3963623046875, 2278.831298828125)
(2555.6860961914062, 2513.8649291992188)
(2413.098175048828, 2513.8197021484375)
(2613.4093627929688, 2278.8345947265625)
(2555.6863403320312, 2513.8700561523438)
(2613.4048767089844, 2278.8359756469727)
(2562.4256587028503, 2513.9053955078125)
(2958.3821411132812, 2462.5214233398438)
(2958.3792114257812, 2462.521240234375)
(2958.3567514419556, 2462.5569458007812)
(3598.2533569335938, 2361.5311584472656)
(3598.2520141601562, 2361.5318908691406)
(3703.31005859375, 2399.637939453125)
(3598.2427587509155, 2361.522171020508)
(3703.3103561401367, 2399.643341064453)
(3932.8578338623047, 2329.8131713867188)
(3938.859893798828, 2329.9386291503906)
(3938.8567123413086, 2329.9281616210938)
(4538.363922119141, 2371.3958892822266)
(4482.490898132324, 2444.825927734375)
(4482.486728668213, 2444.828857421875)
(4538.366668701172, 2371.3960723876953)
(4813.6529541015625, 2232.766471862793)
(4538.3613204956055, 2371.3912200927734)
(4724.198135375977, 2268.471748352051)
(4485.860408782959, 2444.9973754882812)
(4724.0615234375, 2295.900115966797)
(4813.655334472656, 2232.7728996276855)
(4724.198959350586, 2268.4684448242188)
(4724.063011169434, 2295.895118713379)
(4813.654708862305, 2232.7760467529297)
(5262.6185302734375, 2454.9202880859375)
(5376.8067626953125, 2370.241470336914)
(5262.618194580078, 2454.919891357422)
(5376.813095092773, 2370.2350463867188)
(5494.767303466797, 2326.3565979003906)
(5262.617146492004, 2454.9589233398438)
(5627.332702636719, 2264.414047241211)
(5494.768081665039, 2326.3536987304688)
(5380.980302810669, 2370.111572265625)
(5627.333740234375, 2264.4130783081055)
(5634.235291719437, 2264.562057495117)
(6090.30517578125, 2241.175886154175)
(6042.0672607421875, 2430.736618041992)
(6090.300186157227, 2241.167646408081)
(6157.93896484375, 2370.2884216308594)
(6042.067321777344, 2430.7366943359375)
(6090.298538208008, 2241.1676654815674)
(6157.939270019531, 2370.290283203125)
(6042.100135803223, 2430.694091796875)
(6157.92594909668, 2370.2946166992188)
(6851.1754150390625, 2428.3878479003906)
(6851.163269042969, 2428.383499145508)
(6851.154106140137, 2428.368392944336)
(7299.2374267578125, 2448.2703857421875)
(7299.23762512207, 2448.267333984375)
(7302.229049682617, 2448.1565551757812)
(1795.6640625, 2554.114303588867)
(1795.6606140136719, 2554.107879638672)
(1798.442551612854, 2554.223175048828)
(2413.1292877197266, 2513.783416748047)
(2555.675491333008, 2513.8723754882812)
(2413.1276245117188, 2513.7782440185547)
(2555.673484802246, 2513.874542236328)
(2682.650848388672, 2647.1505126953125)
(2682.652099609375, 2647.1425170898438)
(2562.4215178489685, 2513.8260192871094)
(2958.3814086914062, 2462.5104064941406)
(2958.3817749023438, 2462.508743286133)
(2958.3585319519043, 2462.5567779541016)
(3598.253692626953, 2361.5321464538574)
(3598.2525024414062, 2361.5329208374023)
(3703.3099975585938, 2399.6414489746094)
(3598.242374420166, 2361.5234184265137)
(3703.311393737793, 2399.6449127197266)
(3932.8670349121094, 2329.848093032837)
(3938.8602294921875, 2329.9393577575684)
(3938.854248046875, 2329.924461364746)
(4538.360778808594, 2371.388313293457)
(4482.495330810547, 2444.8193359375)
(4538.362716674805, 2371.3864917755127)
(4482.4981117248535, 2444.819061279297)
(4538.357643127441, 2371.3841075897217)
(4485.869028091431, 2444.9823455810547)
(5262.617218017578, 2454.919677734375)
(5376.803436279297, 2370.2440338134766)
(5262.6181640625, 2454.9190826416016)
(5376.808624267578, 2370.238395690918)
(5494.765350341797, 2326.340799331665)
(5262.617418289185, 2454.9588623046875)
(5494.765914916992, 2326.33770942688)
(5380.999812602997, 2370.1134967803955)
(6042.067108154297, 2430.736991882324)
(6157.939422607422, 2370.2883911132812)
(6042.067596435547, 2430.7367248535156)
(6157.937881469727, 2370.290573120117)
(6042.099342346191, 2430.6975479125977)
(6157.929898262024, 2370.2896881103516)
(6851.174987792969, 2428.373245239258)
(6851.165863037109, 2428.366912841797)
(6851.158750534058, 2428.3671951293945)
(7084.437164306641, 2652.8517456054688)
(7162.203598022461, 2544.910110473633)
(7084.446578979492, 2652.851043701172)
(7162.203323364258, 2544.909164428711)
(7299.236602783203, 2448.2733459472656)
(7084.443618774414, 2652.853515625)
(7407.897171020508, 2621.3251342773438)
(7299.236221313477, 2448.2721252441406)
(7407.900146484375, 2621.3171997070312)
(7302.237992763519, 2448.152069091797)
(1795.6657104492188, 2554.115249633789)
(1795.6651039123535, 2554.1131744384766)
(1798.4467878341675, 2554.22566986084)
(2413.1306762695312, 2513.784378051758)
(2512.900390625, 2781.7171020507812)
(2555.6756286621094, 2513.8735961914062)
(2413.1280364990234, 2513.781768798828)
(2512.802200317383, 2781.7230224609375)
(2682.6920318603516, 2647.36767578125)
(2555.6732482910156, 2513.872055053711)
(2512.797782897949, 2781.711181640625)
(2682.6910095214844, 2647.35205078125)
(2562.4245035648346, 2513.8248977661133)
(2958.376739501953, 2462.5076541900635)
(2958.374969482422, 2462.503875732422)
(2958.3552055358887, 2462.558059692383)
(4482.542633056641, 2444.8105754852295)
(4482.540786743164, 2444.810558319092)
(4485.881320476532, 2445.011619567871)
(5262.6273193359375, 2454.927328109741)
(5262.627868652344, 2454.9233288764954)
(5262.6217041015625, 2454.9600143432617)
(6042.22900390625, 2435.8368730545044)
(6042.227264404297, 2435.8376762866974)
(6042.2092361450195, 2435.83145236969)
(7084.322601318359, 2658.7766723632812)
(7084.324279785156, 2658.7800903320312)
(7162.201477050781, 2544.9069290161133)
(7084.324157714844, 2658.77978515625)
(7299.232002258301, 2448.2763028144836)
(7162.201324462891, 2544.904525756836)
(7356.065948486328, 2697.3956298828125)
(7407.896728515625, 2621.3276977539062)
(7299.230987548828, 2448.2786598205566)
(7356.061706542969, 2697.4005737304688)
(7407.899871826172, 2621.324493408203)
(7356.058815002441, 2697.38623046875)
(7302.21386051178, 2448.209508895874)
(2379.1441650390625, 2850.821990966797)
(2379.1512451171875, 2850.8231201171875)
(2512.8831176757812, 2788.3322143554688)
(2379.151626586914, 2850.821044921875)
(2512.884063720703, 2788.2836303710938)
(2682.6898651123047, 2647.369888305664)
(2512.8834686279297, 2788.2825622558594)
(2682.6900482177734, 2647.362190246582)
(3703.2955017089844, 2861.4443359375)
(3703.3119354248047, 2861.4432678222656)
(4570.410675048828, 2878.8057250976562)
(4573.877899169922, 2878.9580688476562)
(4649.815155029297, 2878.900390625)
(4649.812759399414, 2878.8948364257812)
(4573.87850189209, 2878.9523315429688)
(4649.813011169434, 2878.8943786621094)
(5262.696716308594, 2861.5311279296875)
(5262.696929931641, 2861.5289916992188)
(5262.693716049194, 2861.5345764160156)
(6042.251037597656, 2861.499725341797)
(6042.2490234375, 2861.49853515625)
(6042.251022338867, 2861.4984130859375)
(6994.861389160156, 2886.196044921875)
(7084.323028564453, 2658.7764053344727)
(6994.835021972656, 2886.2266845703125)
(7084.324798583984, 2658.7779388427734)
(6994.835723876953, 2886.2238159179688)
(7084.324703216553, 2658.7766723632812)
(7356.0657958984375, 2697.3931427001953)
(7407.896469116211, 2621.327362060547)
(7356.060302734375, 2697.399139404297)
(7407.898223876953, 2621.32462310791)
(7356.055549621582, 2697.388870239258)
(2379.1469116210938, 2850.822555541992)
(2379.153076171875, 2850.8212890625)
(2512.888214111328, 2788.3363342285156)
(2379.1521072387695, 2850.8180084228516)
(2613.2999877929688, 2918.6519165039062)
(2512.885787963867, 2788.2859497070312)
(2613.303970336914, 2918.6548767089844)
(2512.885368347168, 2788.2848739624023)
(2613.304489135742, 2918.65478515625)
(3703.2947998046875, 2861.4451293945312)
(3799.782684326172, 2934.0133056640625)
(3703.3082733154297, 2861.4440002441406)
(3800.5111541748047, 2933.886474609375)
(3800.5113372802734, 2933.883544921875)
(4420.102355957031, 2941.6537170410156)
(4420.094635009766, 2941.662628173828)
(4570.418594360352, 2878.8269653320312)
(4420.091133117676, 2941.673110961914)
(4573.872360229492, 2878.9612731933594)
(4649.816192626953, 2878.9031677246094)
(4649.814300537109, 2878.8988647460938)
(4573.872177124023, 2878.9599609375)
(4649.810585021973, 2878.8990325927734)
(5262.691711425781, 2861.5307006835938)
(5262.692947387695, 2861.528121948242)
(5359.882171630859, 2976.8764038085938)
(5262.695803642273, 2861.5313720703125)
(5359.883544921875, 2976.88037109375)
(6042.251708984375, 2861.4999084472656)
(6042.250305175781, 2861.49755859375)
(6139.476409912109, 2976.8292846679688)
(6042.250091552734, 2861.4996337890625)
(6139.477294921875, 2976.833740234375)
(6146.332706451416, 2977.2525939941406)
(6994.8641357421875, 2886.1870727539062)
(6926.3336181640625, 3034.7728576660156)
(6994.836822509766, 2886.220947265625)
(6926.333023071289, 3034.7786254882812)
(7246.4627685546875, 2941.4564208984375)
(6994.838249206543, 2886.219207763672)
(6926.405527114868, 3034.8001098632812)
(7246.465835571289, 2941.4593505859375)
(7356.02197265625, 2697.349994659424)
(7246.465530395508, 2941.46337890625)
(7356.019805908203, 2697.352931022644)
(7356.018165588379, 2697.3517265319824)
(2379.145782470703, 2850.8194723129272)
(2379.152099609375, 2850.816993713379)
(2379.1487731933594, 2850.8104286193848)
(2613.2989501953125, 2918.647201538086)
(2613.3025817871094, 2918.653594970703)
(2613.3001098632812, 2918.652053833008)
(2905.5606994628906, 3106.3558349609375)
(2907.9573364257812, 3106.4083557128906)
(3046.4517364501953, 3106.3367309570312)
(2907.9515228271484, 3106.3767700195312)
(3046.45361328125, 3106.338592529297)
(3703.2891693115234, 2861.443244934082)
(3799.7724609375, 2934.01180267334)
(3799.7694396972656, 3077.9953689575195)
(3703.304443359375, 2861.4436264038086)
(3800.510772705078, 2933.887092590332)
(3800.5896911621094, 3077.8465576171875)
(3800.5112228393555, 2933.8842163085938)
(3800.5911254882812, 3077.844940185547)
(4420.1007080078125, 2941.6487426757812)
(4523.319732666016, 3076.873847961426)
(4420.093688964844, 2941.660301208496)
(4482.656494140625, 3158.754425048828)
(4570.409942626953, 2878.8247451782227)
(4523.3240966796875, 3076.880500793457)
(4420.091218948364, 2941.6714477539062)
(4573.874130249023, 2878.960552215576)
(4649.814605712891, 2878.9012718200684)
(4482.659214019775, 3158.7513122558594)
(4523.32186126709, 3076.8834838867188)
(4649.815032958984, 2878.8992805480957)
(4573.873641967773, 2878.961338043213)
(4485.902963638306, 3158.5242309570312)
(4649.81022644043, 2878.898738861084)
(5206.456298828125, 3061.800308227539)
(5206.476287841797, 3061.8167266845703)
(5262.686767578125, 2861.530227661133)
(5206.475479125977, 3061.8153533935547)
(5262.686431884766, 2861.529136657715)
(5359.879974365234, 2976.8783111572266)
(5262.690872192383, 2861.5301055908203)
(5359.881683349609, 2976.8794860839844)
(5725.260192871094, 3150.671661376953)
(5731.6773681640625, 3150.4664611816406)
(5731.678817749023, 3150.4705200195312)
(6042.2489013671875, 2861.5031089782715)
(6139.420379638672, 3069.711181640625)
(6042.2496337890625, 2861.498680114746)
(6139.476043701172, 2976.8223266601562)
(6139.421035766602, 3069.7139739990234)
(6042.248180389404, 2861.501640319824)
(6139.47802734375, 2976.8284454345703)
(6146.344646453857, 2977.240509033203)
(6994.863922119141, 2886.1877574920654)
(6926.256164550781, 3038.483871459961)
(6994.837188720703, 2886.2209758758545)
(6926.257171630859, 3038.491409301758)
(7246.460205078125, 2941.4517822265625)
(6926.225254058838, 3038.5237426757812)
(6994.837844848633, 2886.2178955078125)
(7164.398956298828, 3070.6338500976562)
(7246.465927124023, 2941.458106994629)
(7164.398864746094, 3070.629150390625)
(7246.464111328125, 2941.458206176758)
(7444.689270019531, 3046.863494873047)
(7170.7623898983, 3070.4177856445312)
(7444.690277099609, 3046.8517150878906)
(7444.687641143799, 3046.8551635742188)
(2905.5408477783203, 3106.346405029297)
(2907.957763671875, 3106.403350830078)
(3046.4537963867188, 3106.3346252441406)
(2907.9517669677734, 3106.3771057128906)
(3046.452522277832, 3106.3375701904297)
(3269.2637634277344, 3249.514404296875)
(3269.2802734375, 3208.6972579956055)
(3269.267059326172, 3249.5162963867188)
(3269.2886962890625, 3208.7040939331055)
(3269.2701263427734, 3249.5248413085938)
(3269.292282104492, 3208.7154541015625)
(3799.7743225097656, 3077.994613647461)
(3800.5889587402344, 3077.848445892334)
(3800.5892791748047, 3077.8487091064453)
(4139.802917480469, 3195.970428466797)
(4139.83512878418, 3195.9695739746094)
(4139.802272796631, 3195.967498779297)
(4420.137023925781, 2947.221470117569)
(4523.320465087891, 3076.8756408691406)
(4482.501800537109, 3158.738250732422)
(4420.107421875, 2947.213655948639)
(4523.325012207031, 3076.880325317383)
(4482.507125854492, 3158.7418365478516)
(4420.103607177734, 2947.206107378006)
(4523.325256347656, 3076.880386352539)
(4485.882248401642, 3158.6910400390625)
(5206.454040527344, 3061.805465698242)
(5206.473937988281, 3061.8213653564453)
(5206.472946166992, 3061.821517944336)
(5359.876220703125, 2976.8837280273438)
(5553.453460693359, 3184.3158264160156)
(5359.881134033203, 2976.8819847106934)
(5553.452789306641, 3184.314727783203)
(5725.270492553711, 3150.57763671875)
(5553.454124450684, 3184.3170776367188)
(5731.675552368164, 3150.4845581054688)
(5731.677139282227, 3150.4876098632812)
(6139.418899536133, 3069.713424682617)
(6139.47233581543, 2976.836601257324)
(6139.420516967773, 3069.71427154541)
(6139.47492980957, 2976.8391647338867)
(6146.326986789703, 2977.269832611084)
(6509.35693359375, 3286.4313049316406)
(6509.356674194336, 3286.4270629882812)
(6926.256744384766, 3038.4684829711914)
(6926.206970214844, 3038.4739837646484)
(6926.225905418396, 3038.5129165649414)
(7164.397567749023, 3070.61962890625)
(7246.2479248046875, 2947.1357102394104)
(7164.396766662598, 3070.619255065918)
(7246.176574707031, 2947.148248195648)
(7417.7958984375, 3235.781524658203)
(7444.690490722656, 3046.857391357422)
(7246.176681518555, 2947.1526007652283)
(7170.774666309357, 3070.4169921875)
(7417.793594360352, 3235.7774047851562)
(7444.690811157227, 3046.851837158203)
(7444.68904876709, 3046.86083984375)
(1953.462158203125, 3317.2681884765625)
(2056.425849914551, 3415.635513305664)
(1953.453857421875, 3317.2735137939453)
(2163.2303771972656, 3317.406707763672)
(2056.4277305603027, 3415.635208129883)
(1953.4564170837402, 3317.276885986328)
(2163.2303314208984, 3317.4067993164062)
(2056.666358947754, 3415.6665954589844)
(2816.223945617676, 3400.560302734375)
(2905.536834716797, 3106.3454065322876)
(2816.2265586853027, 3400.56103515625)
(2907.956787109375, 3106.4043111801147)
(3046.452667236328, 3106.3415336608887)
(2907.9507751464844, 3106.384136199951)
(2820.64368391037, 3400.421356201172)
(3046.451904296875, 3106.341999053955)
(3269.2647705078125, 3249.5152130126953)
(3269.2814331054688, 3208.700897216797)
(3269.2681274414062, 3249.519805908203)
(3269.2896423339844, 3208.7080039978027)
(3269.272361755371, 3249.5269470214844)
(3498.8223876953125, 3318.278030395508)
(3269.294479370117, 3208.717300415039)
(3498.826950073242, 3318.2605895996094)
(3498.827648162842, 3318.2608947753906)
(3799.7747192382812, 3079.5912890434265)
(3800.6004943847656, 3079.430976867676)
(3800.599540710449, 3079.423910140991)
(4139.836730957031, 3195.9723205566406)
(4139.831329345703, 3195.9655151367188)
(4139.831565856934, 3195.968765258789)
(4482.5009765625, 3158.735237121582)
(4523.111877441406, 3078.925211429596)
(4482.506992340088, 3158.741241455078)
(4523.112396240234, 3078.9176902770996)
(4523.106666564941, 3078.9305844306946)
(4485.89431476593, 3158.690544128418)
(5553.453796386719, 3184.315475463867)
(5553.4534912109375, 3184.3162841796875)
(5725.26904296875, 3150.57901763916)
(5553.454635620117, 3184.3170318603516)
(5731.675720214844, 3150.4842681884766)
(5731.676239013672, 3150.485969543457)
(6139.575866699219, 3075.316830396652)
(6139.579780578613, 3075.315940618515)
(6509.341537475586, 3286.3955078125)
(6594.454528808594, 3381.4373779296875)
(6509.340972900391, 3286.3928985595703)
(6594.441986083984, 3381.4717407226562)
(6594.4434814453125, 3381.4679565429688)
(7164.428894042969, 3075.87025308609)
(7358.443664550781, 3310.4439697265625)
(7164.43009185791, 3075.883884191513)
(7358.443908691406, 3310.4502716064453)
(7417.7938232421875, 3235.795166015625)
(7358.445873260498, 3310.454071044922)
(7417.792007446289, 3235.800537109375)
(1953.4605712890625, 3317.2681579589844)
(2113.798309326172, 3501.8831787109375)
(2056.2550048828125, 3416.2940979003906)
(1953.4516296386719, 3317.2725372314453)
(2140.168212890625, 3474.8453369140625)
(2145.4500732421875, 3474.93896484375)
(2163.230255126953, 3317.4073181152344)
(2113.7906341552734, 3501.88720703125)
(2056.257278442383, 3416.2943420410156)
(1953.455150604248, 3317.275749206543)
(2145.449188232422, 3474.9388427734375)
(2163.230209350586, 3317.4055404663086)
(2113.7887268066406, 3501.8861694335938)
(2056.5838661193848, 3416.3348693847656)
(2492.7802734375, 3533.0396728515625)
(2492.7734985351562, 3533.0145568847656)
(2492.7720489501953, 3533.015350341797)
(2747.635955810547, 3454.3754272460938)
(2816.224090576172, 3400.5576782226562)
(2747.6310119628906, 3454.3861236572266)
(2816.2239952087402, 3400.5575256347656)
(2747.6299476623535, 3454.3923950195312)
(2820.637260913849, 3400.420440673828)
(3269.2648010253906, 3249.5069732666016)
(3269.2071228027344, 3208.8138103485107)
(3394.3126831054688, 3504.6369018554688)
(3269.269256591797, 3249.514434814453)
(3269.2113494873047, 3208.8266744613647)
(3394.30908203125, 3504.6507263183594)
(3269.2731761932373, 3249.523910522461)
(3498.8220825195312, 3318.2772216796875)
(3269.212995529175, 3208.832239151001)
(3394.3115005493164, 3504.6385803222656)
(3584.6809692382812, 3465.2724609375)
(3498.8268432617188, 3318.2590103149414)
(3584.6813926696777, 3465.25927734375)
(3498.832588195801, 3318.248275756836)
(3588.804916381836, 3465.31982421875)
(4139.957092285156, 3202.639825820923)
(4139.972518920898, 3202.6677298545837)
(4139.976490020752, 3202.6820197105408)
(6509.340057373047, 3286.394088745117)
(6594.452941894531, 3381.4401245117188)
(6509.340118408203, 3286.392120361328)
(6594.443023681641, 3381.471405029297)
(6594.443199157715, 3381.4671020507812)
(7088.207214355469, 3470.4707641601562)
(7088.239990234375, 3470.5009155273438)
(7358.446502685547, 3310.4521484375)
(7289.771209716797, 3463.2933959960938)
(7088.233619689941, 3470.5104370117188)
(7358.446212768555, 3310.4542922973633)
(7417.794891357422, 3235.7932662963867)
(7289.770149230957, 3463.2926330566406)
(7358.448188781738, 3310.4551849365234)
(7417.792655944824, 3235.797504425049)
(1941.3201293945312, 3556.7000122070312)
(2007.530746459961, 3614.0540161132812)
(2113.7962951660156, 3501.884552001953)
(2056.255859375, 3416.2958068847656)
(2008.0176086425781, 3614.08349609375)
(1941.3127746582031, 3556.7145080566406)
(2140.1739501953125, 3474.8466186523438)
(2145.449432373047, 3474.9389038085938)
(2113.7902221679688, 3501.8880004882812)
(2056.2569122314453, 3416.294235229492)
(2007.9969635009766, 3614.1058349609375)
(2222.192840576172, 3598.4490356445312)
(1941.3118953704834, 3556.7249450683594)
(2145.4482421875, 3474.9393310546875)
(2113.8026447296143, 3501.849822998047)
(2056.5823736190796, 3416.3336334228516)
(2222.1939392089844, 3598.4491271972656)
(2492.7833251953125, 3533.0481567382812)
(2222.193084716797, 3598.453094482422)
(2492.7726440429688, 3533.026885986328)
(2492.771266937256, 3533.027603149414)
(2747.6348266601562, 3454.376777648926)
(2816.2240600585938, 3400.55818939209)
(2747.6300659179688, 3454.3892517089844)
(2816.224578857422, 3400.557725906372)
(2747.629337310791, 3454.3914642333984)
(2820.629672050476, 3400.4255294799805)
(3394.312225341797, 3504.6446838378906)
(3394.310012817383, 3504.6517791748047)
(3546.495819091797, 3625.13232421875)
(3394.311164855957, 3504.6520385742188)
(3549.9322204589844, 3625.326904296875)
(3584.6799850463867, 3465.2886352539062)
(3549.929733276367, 3625.3121948242188)
(3584.68017578125, 3465.2727661132812)
(3588.8263416290283, 3465.327194213867)
(6335.447448730469, 3585.2936401367188)
(6335.4451904296875, 3585.30419921875)
(6335.444339752197, 3585.3032836914062)
(6594.452453613281, 3381.440776824951)
(6594.44091796875, 3381.4738693237305)
(6594.441825866699, 3381.473644256592)
(7088.207580566406, 3470.4705200195312)
(7088.238922119141, 3470.4987182617188)
(7289.769683837891, 3463.293914794922)
(7088.231384277344, 3470.509536743164)
(7289.769248962402, 3463.2949562072754)
(1941.3213500976562, 3556.696434020996)
(2007.5244445800781, 3614.052215576172)
(2113.797821044922, 3501.8847122192383)
(2008.0210266113281, 3614.0860900878906)
(1941.3550720214844, 3556.7400817871094)
(2140.1491088867188, 3474.839813709259)
(2145.430389404297, 3474.9347705841064)
(2113.7908935546875, 3501.8889541625977)
(2180.2839889526367, 3792.4929809570312)
(2007.9998626708984, 3614.1080017089844)
(2222.1907348632812, 3598.450241088867)
(1941.31347322464, 3556.7230529785156)
(2145.4325408935547, 3474.9354362487793)
(2113.78955078125, 3501.8876571655273)
(2180.284927368164, 3792.4952392578125)
(2389.6072692871094, 3749.194122314453)
(2222.192352294922, 3598.4532165527344)
(2492.7830200195312, 3533.051109313965)
(2389.583053588867, 3749.226318359375)
(2182.6645154953003, 3792.52001953125)
(2222.190269470215, 3598.457229614258)
(2492.772430419922, 3533.0315551757812)
(2389.5775451660156, 3749.2089233398438)
(2492.771770477295, 3533.0307235717773)
(2747.6305541992188, 3459.6846141815186)
(2831.0277709960938, 3756.9042053222656)
(2747.6273345947266, 3459.687683582306)
(2831.027786254883, 3756.9024047851562)
(2747.630546569824, 3459.686062812805)
(2831.0150299072266, 3756.8944091796875)
(3394.3139038085938, 3504.6454544067383)
(3394.3154907226562, 3504.642105102539)
(3546.4867248535156, 3625.119354248047)
(3394.3170795440674, 3504.6419677734375)
(3549.9253540039062, 3625.3177490234375)
(3584.58154296875, 3465.318151473999)
(3549.92626953125, 3625.3211669921875)
(3584.5789184570312, 3465.3307495117188)
(3588.806472301483, 3465.519884109497)
(6335.445831298828, 3585.295364379883)
(6335.444778442383, 3585.302761077881)
(6335.443534851074, 3585.3037872314453)
(7088.205047607422, 3470.459478378296)
(7088.212188720703, 3470.4562702178955)
(7289.746063232422, 3464.1647567749023)
(7088.210597991943, 3470.461753845215)
(7289.746536254883, 3464.174524307251)
(2007.5240173339844, 3614.0629024505615)
(2008.0137176513672, 3614.1036586761475)
(2077.5505981445312, 3883.7894897460938)
(2180.2868041992188, 3792.518096923828)
(2008.0032348632812, 3614.110939025879)
(2077.5528259277344, 3883.791961669922)
(2222.196502685547, 3598.4445514678955)
(2180.287567138672, 3792.514923095703)
(2389.6084899902344, 3749.1923828125)
(2077.5620307922363, 3883.7879943847656)
(2222.1968536376953, 3598.444200515747)
(2389.5841674804688, 3749.2223510742188)
(2488.2286376953125, 3851.5140380859375)
(2182.662262439728, 3792.505584716797)
(2222.1936950683594, 3598.4428367614746)
(2389.5802612304688, 3749.2147674560547)
(2488.229263305664, 3851.50732421875)
(2488.2291412353516, 3851.5115966796875)
(2705.17626953125, 3890.468505859375)
(2831.0279541015625, 3756.905532836914)
(2862.8381958007812, 3893.4166870117188)
(2705.1759338378906, 3890.472137451172)
(2831.027099609375, 3756.9042053222656)
(2862.8384857177734, 3893.415283203125)
(2705.175949573517, 3890.4607543945312)
(2831.015266418457, 3756.8934020996094)
(3060.0057067871094, 3893.3673706054688)
(2862.837730407715, 3893.419677734375)
(3183.7975158691406, 3829.4185791015625)
(3242.951629638672, 3893.377960205078)
(3060.008071899414, 3893.357208251953)
(3183.793426513672, 3829.4073791503906)
(3242.9493713378906, 3893.3679809570312)
(3242.947048187256, 3893.36181640625)
(3546.495086669922, 3625.1046829223633)
(3549.9238891601562, 3625.3084564208984)
(3549.9248657226562, 3625.320701599121)
(6335.475341796875, 3589.113353729248)
(6335.470947265625, 3589.120964050293)
(6335.471622467041, 3589.1125812530518)
(2077.5547790527344, 3883.7889404296875)
(2180.2875900268555, 3792.517807006836)
(2077.554397583008, 3883.793212890625)
(2160.09130859375, 4020.1051635742188)
(2180.2869415283203, 3792.51473236084)
(2389.607666015625, 3749.1932411193848)
(2077.560386657715, 3883.7891387939453)
(2160.088424682617, 4020.1040649414062)
(2389.586166381836, 3749.220672607422)
(2488.222900390625, 3851.538314819336)
(2182.6733055114746, 3792.5033264160156)
(2448.0360717773438, 4036.333282470703)
(2389.5849227905273, 3749.218982696533)
(2488.2296752929688, 3851.514862060547)
(2566.755889892578, 3948.9698486328125)
(2648.3531494140625, 4008.207977294922)
(2448.0365142822266, 4036.3351440429688)
(2649.725128173828, 4008.3980712890625)
(2488.224563598633, 3851.5368041992188)
(2705.1778564453125, 3890.4771118164062)
(2566.756317138672, 3948.9708099365234)
(2448.054877758026, 4036.3564453125)
(2831.0256958007812, 3756.904296875)
(2862.837158203125, 3893.4151153564453)
(2649.7257232666016, 4008.3974609375)
(2705.1770629882812, 3890.4734802246094)
(2567.9019799232483, 3948.894317626953)
(2798.883819580078, 4047.5731201171875)
(2831.0270080566406, 3756.9038467407227)
(2862.836135864258, 3893.415008544922)
(2705.177007675171, 3890.458786010742)
(2798.879753112793, 4047.5684204101562)
(2831.013575553894, 3756.890953063965)
(3060.0066528320312, 3893.3660430908203)
(2862.837257385254, 3893.4174041748047)
(3183.7969360351562, 3829.4156646728516)
(3242.9498291015625, 3893.376449584961)
(3060.008041381836, 3893.356964111328)
(3183.7926330566406, 3829.4054565429688)
(3242.9484100341797, 3893.3671264648438)
(3242.9458389282227, 3893.357940673828)
(3603.682891845703, 3978.2596435546875)
(3603.6874084472656, 3978.275390625)
(3603.6803035736084, 3978.2743530273438)
(6402.3456954956055, 3969.4645919799805)
(6402.347549438477, 3969.4629440307617)
(6405.607239246368, 3969.4773483276367)
(6823.8009033203125, 4008.663330078125)
(6823.802154541016, 4008.6678161621094)
(6823.801731109619, 4008.6541137695312)
(7333.9166259765625, 4044.2616577148438)
(7465.376068115234, 3963.364715576172)
(7333.912612915039, 4044.2654724121094)
(7465.378021240234, 3963.3621826171875)
(7333.915016174316, 4044.2656860351562)
(7465.377700805664, 3963.3639526367188)
(2077.5521850585938, 3883.7940788269043)
(2077.5533142089844, 3883.795166015625)
(2160.0879821777344, 4020.105438232422)
(2077.5597820281982, 3883.791572570801)
(2160.0889205932617, 4020.1058349609375)
(2488.1788024902344, 3851.499689102173)
(2448.0350341796875, 4036.334243774414)
(2488.181182861328, 3851.5000610351562)
(2566.7554626464844, 3948.971549987793)
(2648.3497924804688, 4008.2076721191406)
(2448.0350341796875, 4036.3365783691406)
(2488.180992126465, 3851.5002975463867)
(2649.72607421875, 4008.3985290527344)
(2705.1786499023438, 3890.4803009033203)
(2566.7559509277344, 3948.970001220703)
(2448.0513954162598, 4036.3509826660156)
(2862.8386840820312, 3893.415813446045)
(2649.7255249023438, 4008.397994995117)
(2705.1775970458984, 3890.4755249023438)
(2567.902554988861, 3948.894088745117)
(2798.9080657958984, 4047.4899291992188)
(2862.8384399414062, 3893.4144744873047)
(2705.1773262023926, 3890.4626083374023)
(2798.9055099487305, 4047.48681640625)
(3060.0049438476562, 3893.3668365478516)
(2862.837387084961, 3893.416488647461)
(3242.9480590820312, 3893.3820419311523)
(3060.0064544677734, 3893.359245300293)
(3183.6380920410156, 4102.2795333862305)
(3242.947509765625, 3893.375099182129)
(3183.6381225585938, 4102.274505615234)
(3242.948299407959, 3893.3680114746094)
(3603.6860961914062, 3978.274444580078)
(3603.691665649414, 3978.284957885742)
(3603.6840419769287, 3978.2767486572266)
(5323.9580078125, 4152.946350097656)
(5323.937286376953, 4152.923583984375)
(5323.937896728516, 4152.920104980469)
(6233.658905029297, 4152.820251464844)
(6236.615859985352, 4152.726104736328)
(6402.348258972168, 3969.4741249084473)
(6236.614974975586, 4152.7261962890625)
(6402.347507476807, 3969.468936920166)
(6405.602308273315, 3969.475803375244)
(6823.800506591797, 4008.6641845703125)
(6823.804153442383, 4008.668426513672)
(6823.804248809814, 4008.6607360839844)
(7333.910095214844, 4044.2705688476562)
(7465.368957519531, 3963.361541748047)
(7333.908889770508, 4044.273635864258)
(7465.372711181641, 3963.3624877929688)
(7333.913130760193, 4044.2718200683594)
(7465.374717712402, 3963.3632049560547)
(2160.0904846191406, 4020.1079063415527)
(2316.172607421875, 4207.7493896484375)
(2160.085494995117, 4020.1088485717773)
(2316.168731689453, 4207.745147705078)
(2448.0338439941406, 4036.333450317383)
(2316.174530029297, 4207.731781005859)
(2648.3468017578125, 4008.2061309814453)
(2448.0342712402344, 4036.3326892852783)
(2649.725311279297, 4008.398052215576)
(2448.04869222641, 4036.35107421875)
(2649.7250442504883, 4008.3976221084595)
(2798.908935546875, 4047.4881286621094)
(2798.9077377319336, 4047.4903564453125)
(3183.6385803222656, 4102.2838134765625)
(3183.6366271972656, 4102.286087036133)
(3603.6417846679688, 3978.2427320480347)
(3603.643341064453, 3978.242706298828)
(3603.6344227790833, 3978.232539176941)
(4440.909210205078, 4267.268280029297)
(4442.856109619141, 4267.097106933594)
(4442.858917236328, 4267.099212646484)
(5006.827667236328, 4267.236877441406)
(5006.8306884765625, 4267.2276611328125)
(5006.818675994873, 4267.2188720703125)
(5323.955383300781, 4152.942047119141)
(5323.941009521484, 4152.9317626953125)
(5323.943023681641, 4152.927536010742)
(5774.825744628906, 4267.162902832031)
(5774.824127197266, 4267.166015625)
(5774.836453437805, 4267.145568847656)
(6233.640380859375, 4152.844573974609)
(6236.613220214844, 4152.726715087891)
(6236.614288330078, 4152.724197387695)
(6402.268241882324, 3973.1880555152893)
(6402.268035888672, 3973.1931982040405)
(6405.723756313324, 3973.367109298706)
(6823.800354003906, 4008.664710998535)
(6823.803039550781, 4008.664788246155)
(6823.804180145264, 4008.663543701172)
(7027.578536987305, 4202.371337890625)
(7027.577178955078, 4202.370498657227)
(7333.909362792969, 4044.268844604492)
(7333.9080810546875, 4044.2707443237305)
(7465.784606933594, 3970.2266159057617)
(7333.908730506897, 4044.2718811035156)
(7465.78662109375, 3970.2277631759644)
(7465.78995513916, 3970.2395157814026)
(2316.1690368652344, 4207.746604919434)
(2316.167205810547, 4207.740562438965)
(2316.17303276062, 4207.727203369141)
(3183.490264892578, 4103.665892124176)
(3183.492027282715, 4103.677309513092)
(4440.864990234375, 4267.268463134766)
(4442.856750488281, 4267.095062255859)
(4442.858909606934, 4267.096862792969)
(5006.829895019531, 4267.232727050781)
(5006.832305908203, 4267.223907470703)
(5006.821963310242, 4267.213043212891)
(5323.955749511719, 4152.938583374023)
(5323.942337036133, 4152.929592132568)
(5323.945724487305, 4152.921718597412)
(5774.82861328125, 4267.157409667969)
(5774.828430175781, 4267.163497924805)
(5774.839141845703, 4267.144073486328)
(6233.631164550781, 4152.839912414551)
(6236.612365722656, 4152.730369567871)
(6236.616081237793, 4152.725112915039)
(7088.861663818359, 4385.779235839844)
(7027.5797119140625, 4202.369064331055)
(7088.857849121094, 4385.785003662109)
(7158.325286865234, 4339.885665893555)
(7027.57746887207, 4202.370582580566)
(7236.195495605469, 4339.8162841796875)
(7088.855758666992, 4385.78857421875)
(7158.325538635254, 4339.888595581055)
(7236.192291259766, 4339.820861816406)
(7236.193206787109, 4339.903503417969)
(4440.808441162109, 4267.264854431152)
(4442.8558349609375, 4267.087951660156)
(4442.858779907227, 4267.092636108398)
(4720.246765136719, 4463.328948974609)
(4720.245132446289, 4463.3282470703125)
(5006.824279785156, 4267.203937530518)
(5006.823577880859, 4267.198356628418)
(5006.816740036011, 4267.190864562988)
(5774.83935546875, 4267.138236999512)
(5774.837615966797, 4267.154403686523)
(5774.855881690979, 4267.142913818359)
(6380.746170043945, 4559.4073486328125)
(6575.608642578125, 4479.468902587891)
(6380.748962402344, 4559.415618896484)
(6575.609771728516, 4479.471466064453)
(6773.2249755859375, 4562.1064453125)
(6575.606628417969, 4479.469345092773)
(6773.225631713867, 4562.0936279296875)
(7088.874755859375, 4385.760955810547)
(7088.870391845703, 4385.776229858398)
(7158.336181640625, 4339.874298095703)
(7236.186065673828, 4339.807052612305)
(7088.871250152588, 4385.782073974609)
(7377.3656005859375, 4561.7969970703125)
(7158.336090087891, 4339.87922668457)
(7236.183883666992, 4339.813934326172)
(7377.331741333008, 4561.768127441406)
(7236.180849075317, 4339.881652832031)
(7377.3310623168945, 4561.764373779297)
(4720.298553466797, 4463.275115966797)
(4720.298210144043, 4463.275825500488)
(5645.177886962891, 4663.225280761719)
(5645.1748046875, 4663.2183837890625)
(5645.180418968201, 4663.200225830078)
(6380.750625610352, 4559.436248779297)
(6575.608642578125, 4479.466537475586)
(6380.752708435059, 4559.441497802734)
(6575.6119384765625, 4479.468551635742)
(6773.236785888672, 4562.104705810547)
(6575.608047485352, 4479.466644287109)
(6773.237525939941, 4562.092132568359)
(7088.8701171875, 4385.763996124268)
(7012.220901489258, 4649.7308349609375)
(7088.866607666016, 4385.773482322693)
(7012.218238830566, 4649.7412109375)
(7088.873184204102, 4385.771209716797)
(7377.37255859375, 4561.765930175781)
(7377.345703125, 4561.748336791992)
(7377.34504699707, 4561.75048828125)
(5645.177276611328, 4663.223571777344)
(5645.174560546875, 4663.216049194336)
(5645.1773319244385, 4663.205612182617)
(6352.773193359375, 4774.72607421875)
(6380.385299682617, 4813.208923339844)
(6380.748886108398, 4559.424011230469)
(6452.618408203125, 4774.606262207031)
(6352.742111206055, 4774.6917724609375)
(6380.384231567383, 4813.218933105469)
(6380.750686645508, 4559.437698364258)
(6452.615371704102, 4774.615417480469)
(6352.739952087402, 4774.7034912109375)
(6575.3221435546875, 4484.241716384888)
(6452.61466217041, 4774.617248535156)
(6575.326171875, 4484.2446846961975)
(6773.237823486328, 4562.106262207031)
(6575.322639465332, 4484.247200012207)
(6924.914581298828, 4787.394805908203)
(6773.237045288086, 4562.101287841797)
(6924.9180908203125, 4787.394775390625)
(7082.7333984375, 4787.361755371094)
(7012.213348388672, 4649.748886108398)
(6924.905937194824, 4787.412841796875)
(7082.7333984375, 4787.362060546875)
(7012.213150024414, 4649.750762939453)
(7377.372131347656, 4561.766387939453)
(7082.736251831055, 4787.353363037109)
(7377.345397949219, 4561.749885559082)
(7377.342582702637, 4561.746231079102)
(5645.172790527344, 4663.221694946289)
(5645.172943115234, 4663.2194900512695)
(5645.173587799072, 4663.20792388916)
(6352.773223876953, 4774.7291259765625)
(6380.368225097656, 4813.203125)
(6452.617492675781, 4774.609512329102)
(6352.742950439453, 4774.694747924805)
(6380.367767333984, 4813.212646484375)
(6452.6141357421875, 4774.616882324219)
(6352.740310668945, 4774.705902099609)
(6620.595520019531, 4932.352600097656)
(6626.289581298828, 4932.2022705078125)
(6452.616752624512, 4774.6038818359375)
(6626.288925170898, 4932.195770263672)
(6924.905548095703, 4787.366714477539)
(6924.909255981445, 4787.383056640625)
(7082.7357177734375, 4787.355484008789)
(7021.048400878906, 4898.969177246094)
(7012.220840454102, 4649.739017486572)
(6924.904127120972, 4787.413513183594)
(7082.7366943359375, 4787.3646240234375)
(7021.049644470215, 4898.9827880859375)
(7012.2119140625, 4649.755661010742)
(7082.738098144531, 4787.359344482422)
(6352.774658203125, 4774.725892066956)
(6380.3675537109375, 4813.205345153809)
(6352.745208740234, 4774.692157745361)
(6452.615539550781, 4774.6110191345215)
(6380.3660888671875, 4813.21427154541)
(6352.741180419922, 4774.706554412842)
(6452.612564086914, 4774.618567466736)
(6620.584381103516, 4932.340728759766)
(6626.286911010742, 4932.216278076172)
(6452.614784240723, 4774.609046936035)
(6626.286430358887, 4932.206085205078)
(6876.246368408203, 5002.838104248047)
(6924.911071777344, 4787.369312286377)
(6881.422088623047, 5002.678558349609)
(6924.911376953125, 4787.379653930664)
(6881.423049926758, 5002.685729980469)
(7082.735687255859, 4787.356834411621)
(7021.047714233398, 4898.96809387207)
(6924.908319473267, 4787.413864135742)
(7082.736709594727, 4787.366622924805)
(7021.047744750977, 4898.979309082031)
(7082.736709594727, 4787.362499237061)
(6620.5283203125, 4932.343521118164)
(6626.281799316406, 4932.212944030762)
(6626.28231048584, 4932.205619812012)
(6876.230560302734, 5002.835296630859)
(6881.421051025391, 5002.681076049805)
(6881.421615600586, 5002.686126708984)
(7021.042617797852, 4898.96914768219)
(7021.046600341797, 4898.980353355408)
(8788.407684326172, 5208.5460205078125)
(8791.777648925781, 5208.674896240234)
(8791.780250549316, 5208.689758300781)
(6876.236602783203, 5002.813478469849)
(6881.428421020508, 5002.649097442627)
(6881.4287185668945, 5002.646746635437)
(8788.164611816406, 5216.553771972656)
(8791.818389892578, 5216.5780029296875)
(8791.81869506836, 5216.577850341797)
(8788.19546508789, 5216.555290222168)
(8791.821868896484, 5216.576797485352)
(8791.821502685547, 5216.57462310791)
(654.8435363769531, 5686.30322265625)
(654.8447265625, 5686.3026123046875)
(654.8686752319336, 5686.274230957031)
(1561.4481201171875, 5618.874420166016)
(1561.451904296875, 5618.882598876953)
(1721.2025146484375, 5625.403289794922)
(1561.4660873413086, 5618.891708374023)
(1721.207275390625, 5625.388580322266)
(1721.2241821289062, 5625.373626708984)
(654.843505859375, 5686.31005859375)
(673.0826416015625, 5804.281066894531)
(654.8482055664062, 5686.310546875)
(673.0866088867188, 5804.27783203125)
(654.8765134811401, 5686.283264160156)
(673.0682640075684, 5804.282196044922)
(1561.4505615234375, 5618.873802185059)
(1561.4544067382812, 5618.879676818848)
(1721.2038879394531, 5625.401077270508)
(1561.4636306762695, 5618.890098571777)
(1721.2062072753906, 5625.390060424805)
(1721.2159690856934, 5625.383987426758)
(654.8432006835938, 5686.309627532959)
(673.4619140625, 5924.289306640625)
(673.0834350585938, 5804.278259277344)
(654.8504333496094, 5686.312652587891)
(673.4763488769531, 5924.298431396484)
(673.0866088867188, 5804.2733154296875)
(654.873197555542, 5686.284271240234)
(673.4773874282837, 5924.295013427734)
(673.0681304931641, 5804.288436889648)
(1541.9138793945312, 5876.120025634766)
(1703.1332397460938, 5886.405944824219)
(1541.9092559814453, 5876.113555908203)
(1703.1387329101562, 5886.406524658203)
(1541.9571166038513, 5875.969451904297)
(1703.145523071289, 5886.404067993164)
(673.4622802734375, 5924.289474487305)
(655.488525390625, 6018.940155029297)
(673.0827026367188, 5804.27433013916)
(673.4743041992188, 5924.295745849609)
(655.4903564453125, 6018.944030761719)
(673.0875244140625, 5804.270812988281)
(673.477653503418, 5924.291717529297)
(673.0699043273926, 5804.28279876709)
(655.4971160888672, 6019.0358810424805)
(1541.9114379882812, 5876.133651733398)
(1703.1394653320312, 5886.400573730469)
(1541.9093933105469, 5876.128440856934)
(1703.144027709961, 5886.401931762695)
(1541.9480638504028, 5875.976165771484)
(1703.1509246826172, 5886.402420043945)
(673.4607238769531, 5924.271751403809)
(655.4830322265625, 6018.940460205078)
(673.4659576416016, 5924.272148132324)
(655.4850158691406, 6018.939529418945)
(673.4784049987793, 5924.269912719727)
(655.4884233474731, 6019.026824951172)
(655.3973999023438, 6019.591062307358)
(655.3958129882812, 6019.591478347778)
(655.3881587982178, 6019.642330646515)
