(7894.500223795573, 2138.0833943684897, 7894.208272298177, 2137.7914428710938):((), ())
(8811.625162760416, 1770.458475748698, 8811.625162760416, 1770.7499186197917):((), ())
(4759.833272298177, 1429.4169108072917, 4759.833272298177, 1532.1665445963542):((), ())
(4530.4168701171875, 835.333251953125, 5051.583353678386, 835.333251953125):((), ())
(6249.500020345052, 1199.0834554036458, 6433.16650390625, 1199.0834554036458):((), ())
(5716.250101725261, 5233.4584554036455, 5716.250101725261, 5180.875142415364):(((5733.3750406901045, 5233.4584554036455, 5698.208109537761, 5233.4584554036455),), ())
(3804.333241780599, 5096.1252848307295, 3804.333241780599, 4978.3335367838545):((), ())
(3449.7083028157554, 5133.6252848307295, 3449.7083028157554, 4620.749918619792):((), ())
(5850.583394368489, 5064.5416259765625, 5571.541849772136, 5064.5416259765625):((), ())
(3067.333221435547, 1601.8335978190105, 3277.2499084472656, 1601.8335978190105):((), ())
(8813.082885742188, 1773.1252034505208, 8813.082885742188, 1772.833251953125):((), ())
(7894.791666666667, 2134.5418294270835, 7894.791666666667, 2134.2498779296875):((), ())
(5716.250101725261, 5016.7083740234375, 5716.250101725261, 5069.000244140625):(((5698.208109537761, 5016.7083740234375, 5733.3750406901045, 5016.7083740234375),), ())
(8813.082885742188, 1774.0000406901042, 8813.082885742188, 1773.7085978190105):((), ())
(7894.208272298177, 2137.7914428710938, 7893.916829427083, 2138.0833943684897):((), ())
(6408.3750406901045, 1152.7501424153645, 6408.3750406901045, 1246.3333129882812):((), ())
(4540.166727701823, 4081.291707356771, 5039.750162760417, 4081.291707356771):(((4569.375101725261, 4105.500030517578, 4569.375101725261, 4052.916717529297),), ())
(5716.250101725261, 5016.7083740234375, 5716.250101725261, 5153.708394368489):(((5698.208109537761, 5016.7083740234375, 5733.3750406901045, 5016.7083740234375),), ())
(3991.2501017252603, 4398.708089192708, 3991.2501017252603, 3896.125030517578):((), ())
(4442.708333333333, 2484.7081502278647, 5779.9997965494795, 2484.7081502278647):((), ())
(8812.208048502604, 1774.0000406901042, 8811.917114257812, 1774.291483561198):((), ())
(8813.666788736979, 1775.7919311523438, 8813.666788736979, 1775.1668294270833):((), ())
(2663.666788736979, 936.0000610351562, 2663.666788736979, 817.2917683919271):((), ())
(8811.333211263021, 1769.8750813802083, 8811.333211263021, 1770.166524251302):((), ())
(3242.7083333333335, 1470.7499186197917, 3242.7083333333335, 1611.0000610351562):((), ())
(3242.7083333333335, 1646.124776204427, 3242.7083333333335, 1593.5831705729167):(((3259.8332722981772, 1646.124776204427, 3224.7083028157554, 1646.124776204427),), ())
(2684.624989827474, 1303.3335367838542, 3491.624959309896, 1303.3335367838542):((), ())
(3374.7083028157554, 1595.0831095377605, 3374.7083028157554, 1808.8333129882812):((), ())
(5873.625183105469, 1403.7083943684895, 5937.416585286458, 1403.7083943684895):((), ())
(8813.374837239584, 1771.0418701171875, 8813.374837239584, 1770.7499186197917):((), ())
(4943.7917073567705, 2422.4166870117188, 4943.7917073567705, 2214.5416259765625):((), ())
(2719.2082722981772, 4319.875081380208, 2584.8332722981772, 4185.500081380208):((), ())
(5916.416422526042, 1589.166768391927, 5916.416422526042, 1957.3750813802083):((), ())
(2707.958221435547, 4272.6247151692705, 2655.4166158040366, 4272.6247151692705):(((2707.958221435547, 4254.624938964844, 2707.958221435547, 4289.750162760417),), ())
(2651.5833536783853, 2315.2501424153647, 2651.5833536783853, 1519.458516438802):((), ())
(8816.3330078125, 1768.0831909179688, 8816.624959309896, 1767.791748046875):((), ())
(8798.624674479166, 2796.5415954589844, 8798.624674479166, 2998.5000610351562):((), ())
(4132.958221435547, 5333.249918619792, 4348.8332112630205, 5333.249918619792):((), ())
(5629.1249593098955, 4916.041564941406, 4629.33349609375, 4916.041564941406):((), ())
(7908.3750406901045, 2136.583455403646, 7823.625183105469, 2136.583455403646):((), ())
(3374.7083028157554, 1278.5415649414062, 3374.7083028157554, 1502.0416259765625):((), ())
(2800.999959309896, 1372.4166870117188, 3151.166788736979, 1372.4166870117188):((), ())
(8810.124715169271, 1776.9582112630208, 8809.833780924479, 1777.2501627604167):((), ())
(4471.958414713542, 1372.4166870117188, 4419.375101725261, 1372.4166870117188):(((4471.958414713542, 1354.9997965494792, 4471.958414713542, 1390.4164632161458),), ())
(3698.041788736979, 977.9164632161459, 3698.041788736979, 813.458251953125):((), ())
(3887.5834147135415, 1595.0831095377605, 3887.5834147135415, 1858.4584554036458):((), ())
(7893.291727701823, 2139.2501831054688, 7893.291727701823, 2139.5416259765625):((), ())
(6031.2917073567705, 1403.7083943684895, 6214.083353678386, 1403.7083943684895):(((6102.458190917969, 1382.1665445963542, 6102.458190917969, 1423.5000610351562),), ())
(7899.500020345052, 2172.6252237955728, 7899.500020345052, 1858.4584554036458):((), ())
(2669.5833841959634, 3854.2083740234375, 2669.5833841959634, 4679.2083740234375):((), ())
(8814.583333333334, 1776.666768391927, 8814.583333333334, 1776.3748168945312):((), ())
(5716.250101725261, 4853.125, 5716.250101725261, 4905.708312988281):(((5698.8332112630205, 4853.125, 5733.3750406901045, 4853.125),), ())
(2630.6248982747397, 5334.708658854167, 2672.833251953125, 5334.708658854167):((), ())
(5972.833251953125, 1775.1668294270833, 5920.291646321614, 1775.1668294270833):(((5972.833251953125, 1757.7499389648438, 5972.833251953125, 1792.291768391927),), ())
(3155.0000508626304, 1784.9166870117188, 4039.9584452311196, 1784.9166870117188):((), ())
(3111.333211263021, 4868.208312988281, 3730.2083333333335, 4868.208312988281):((), ())
(3433.166758219401, 1032.5831095377605, 4098.416646321614, 1032.5831095377605):((), ())
(6367.9168701171875, 3877.2499084472656, 6367.9168701171875, 4130.00005086263):((), ())
(3353.7501017252603, 3896.125030517578, 3353.7501017252603, 3948.7083435058594):(((3336.333211263021, 3896.125030517578, 3370.875040690104, 3896.125030517578),), ())
(5112.416585286458, 4075.3751118977866, 5112.416585286458, 4308.6252848307295):((), ())
(6249.500020345052, 1702.2501627604167, 6430.208333333333, 1702.2501627604167):((), ())
(4166.6249593098955, 4340.8335367838545, 4166.6249593098955, 4811.7919921875):((), ())
(6211.125183105469, 3854.2083740234375, 6211.125183105469, 3746.7501322428384):((), ())
(3875.791676839193, 5233.4584554036455, 3875.791676839193, 5180.875142415364):(((3892.9166158040366, 5233.4584554036455, 3857.7916463216147, 5233.4584554036455),), ())
(4662.416585286458, 2315.2501424153647, 4662.416585286458, 2512.5):((), ())
(2766.416676839193, 4002.7501424153647, 2766.416676839193, 3914.7499084472656):((), ())
(6333.3750406901045, 1339.3335978190105, 6333.3750406901045, 1841.0415649414062):((), ())
(3122.833251953125, 4400.791422526042, 3221.7498779296875, 4400.791422526042):((), ())
(7897.125244140625, 2141.3335164388022, 7896.8332926432295, 2141.0415649414062):((), ())
(8812.208048502604, 1772.2081502278645, 8812.208048502604, 1772.5418090820312):((), ())
(2707.958221435547, 5334.708658854167, 2655.4166158040366, 5334.708658854167):(((2707.958221435547, 5317.291768391927, 2707.958221435547, 5351.833089192708),), ())
(8813.666788736979, 1770.458475748698, 8813.666788736979, 1770.166524251302):((), ())
(2595.458221435547, 2117.1249389648438, 3759.4584147135415, 2117.1249389648438):((), ())
(3748.2083638509116, 3950.791676839193, 4098.416646321614, 3950.791676839193):((), ())
(8673.417154947916, 2678.125, 8673.417154947916, 3028.333282470703):((), ())
(3053.7501017252603, 3889.3333435058594, 3053.7501017252603, 4060.333251953125):((), ())
(5309.625244140625, 1647.625223795573, 5309.625244140625, 944.8750813802084):((), ())
(3521.7498779296875, 4964.750162760417, 4098.416646321614, 4964.750162760417):((), ())
(8811.917114257812, 1771.3333129882812, 8812.208048502604, 1771.625264485677):((), ())
(6054.33349609375, 1690.4164632161458, 5045.66650390625, 1690.4164632161458):((), ())
(3268.1248982747397, 4467.4997965494795, 3378.5415649414062, 4467.4997965494795):((), ())
(6031.2917073567705, 1775.1668294270833, 6214.083353678386, 1775.1668294270833):((), ())
(5144.5831298828125, 1402.2501627604167, 5779.9997965494795, 1402.2501627604167):((), ())
(7897.458394368489, 2141.624959309896, 7897.125244140625, 2141.3335164388022):((), ())
(2630.6248982747397, 1784.9166870117188, 2707.958221435547, 1784.9166870117188):((), ())
(2943.2917277018228, 1577.9164632161458, 2943.2917277018228, 1162.5):((), ())
(3730.2083333333335, 4895.0836181640625, 3730.2083333333335, 5128.3335367838545):((), ())
(8812.208048502604, 1772.5418090820312, 8812.208048502604, 1772.833251953125):((), ())
(3127.875010172526, 1139.7501627604167, 3491.624959309896, 1139.7501627604167):((), ())
(5629.1249593098955, 3972.624969482422, 4629.33349609375, 3972.624969482422):((), ())
(3575.791676839193, 1577.9164632161458, 3575.791676839193, 1035.5000813802083):((), ())
(5596.958414713542, 1339.3335978190105, 5596.958414713542, 1841.0415649414062):((), ())
(8813.082885742188, 1772.833251953125, 8813.082885742188, 1772.5418090820312):((), ())
(3135.541788736979, 4106.958262125651, 2871.5415954589844, 3843.000030517578):((), ())
(8818.125406901041, 2172.6252237955728, 8818.125406901041, 1734.7081502278645):((), ())
(3353.7501017252603, 4487.8753662109375, 3353.7501017252603, 4388.958231608073):((), ())
(5596.958414713542, 2132.7499389648438, 5596.958414713542, 2279.7917683919272):((), ())
(2955.4166158040366, 936.0000610351562, 2955.4166158040366, 817.2917683919271):((), ())
(6222.333272298177, 4991.916910807292, 6222.333272298177, 4340.8335367838545):((), ())
(3521.7498779296875, 5215.4164632161455, 4451.583353678386, 5215.4164632161455):((), ())
(7898.625183105469, 2141.9169108072915, 7898.0417887369795, 2141.624959309896):((), ())
(5359.833272298177, 3896.125030517578, 5359.833272298177, 4398.708089192708):((), ())
(5230.791727701823, 5051.833089192708, 5230.791727701823, 5198.000081380208):((), ())
(4818.291727701823, 4267.291768391927, 4906.875101725261, 4266.7083740234375):((), ())
(3875.791676839193, 4841.041564941406, 3875.791676839193, 5198.9166259765625):((), ())
(7895.083109537761, 2133.9584350585938, 7895.083109537761, 2133.6247762044272):((), ())
(8813.082885742188, 1773.7085978190105, 8813.082885742188, 1773.1252034505208):((), ())
(3887.5834147135415, 1916.9169108072917, 3887.5834147135415, 1969.458516438802):(((3870.458221435547, 1916.9169108072917, 3905.6248982747397, 1916.9169108072917),), ())
(7894.208272298177, 2135.4166666666665, 7894.208272298177, 2136.0000610351562):((), ())
(6367.9168701171875, 4888.291422526042, 6367.9168701171875, 4958.249918619792):((), ())
(6233.583577473958, 2023.5000610351562, 6433.16650390625, 2023.5000610351562):((), ())
(4723.8332112630205, 4191.7083740234375, 4957.958475748698, 4191.7083740234375):((), ())
(2595.458221435547, 1784.9166870117188, 2648.041788736979, 1784.9166870117188):(((2595.458221435547, 1802.0416259765625, 2595.458221435547, 1767.4997965494792),), ())
(3887.5834147135415, 1244.8750813802083, 3887.5834147135415, 1502.0416259765625):((), ())
(3433.166758219401, 1291.2083943684895, 4145.083363850911, 1291.2083943684895):((), ())
(4003.0415852864585, 5133.6252848307295, 4003.0415852864585, 4340.8335367838545):((), ())
(7894.208272298177, 2136.29150390625, 7894.208272298177, 2136.583455403646):((), ())
(4145.083363850911, 4713.458251953125, 4337.583414713542, 4713.458251953125):((), ())
(4569.375101725261, 4841.041564941406, 4569.375101725261, 4958.249918619792):((), ())
(6408.3750406901045, 1934.0418497721355, 6408.3750406901045, 2039.166768391927):((), ())
(5896.958414713542, 2011.4166259765625, 5045.66650390625, 2011.4166259765625):((), ())
(3875.791676839193, 4163.958231608073, 3875.791676839193, 4748.000081380208):((), ())
(6148.208109537761, 4601.833089192708, 5571.541849772136, 4601.833089192708):((), ())
(2932.0833841959634, 1519.458516438802, 2932.0833841959634, 1925.7919311523438):((), ())
(5995.8750406901045, 4443.583170572917, 6086.791483561198, 4443.583170572917):((), ())
(4688.083394368489, 5061.5834554036455, 4384.2498779296875, 5061.5834554036455):((), ())
(5858.583577473958, 4904.2083740234375, 5571.541849772136, 4904.2083740234375):((), ())
(4569.375101725261, 5016.7083740234375, 4569.375101725261, 5069.000244140625):(((4552.250162760417, 5016.7083740234375, 4586.791483561198, 5016.7083740234375),), ())
(3748.2083638509116, 4308.6252848307295, 4688.083394368489, 4308.6252848307295):((), ())
(2779.124959309896, 3900.0, 2878.916676839193, 3900.0):((), ())
(5629.1249593098955, 5049.500020345052, 4629.33349609375, 5049.500020345052):((), ())
(5179.9997965494795, 1594.458516438802, 5273.0417887369795, 1594.458516438802):((), ())
(8813.374837239584, 1774.5834350585938, 8813.082885742188, 1774.291483561198):((), ())
(2595.458221435547, 4964.750162760417, 3134.624989827474, 4964.750162760417):((), ())
(6235.333251953125, 4916.041564941406, 6388.291422526042, 4916.041564941406):((), ())
(3875.791676839193, 3931.291707356771, 3875.791676839193, 4070.0833638509116):((), ())
(3823.833211263021, 4868.208312988281, 4051.166788736979, 4868.208312988281):((), ())
(7895.9584554036455, 2132.7499389648438, 7896.249898274739, 2132.45849609375):((), ())
(3887.5834147135415, 991.2083943684896, 3887.5834147135415, 1151.8335978190105):((), ())
(5908.16650390625, 4713.458251953125, 6113.083394368489, 4713.458251953125):((), ())
(4445.66650390625, 1647.625223795573, 4445.66650390625, 1280.8751424153645):((), ())
(4569.375101725261, 5016.7083740234375, 4569.375101725261, 5153.708394368489):(((4552.250162760417, 5016.7083740234375, 4586.791483561198, 5016.7083740234375),), ())
(3209.624989827474, 4233.625030517578, 3730.2083333333335, 4233.625030517578):((), ())
(8815.458170572916, 1777.5416056315105, 8815.166219075521, 1777.2501627604167):((), ())
(8815.166219075521, 1777.2501627604167, 8814.875284830729, 1776.9582112630208):((), ())
(8812.208048502604, 1773.7085978190105, 8812.208048502604, 1774.0000406901042):((), ())
(8811.625162760416, 1775.1668294270833, 8811.333211263021, 1775.7919311523438):((), ())
(6249.500020345052, 1043.2083129882812, 5045.66650390625, 1043.2083129882812):((), ())
(7894.208272298177, 2136.8748982747397, 7894.208272298177, 2136.583455403646):((), ())
(4187.000020345052, 1656.500244140625, 4325.791422526042, 1656.500244140625):((), ())
(5716.250101725261, 3931.291707356771, 5716.250101725261, 4130.00005086263):((), ())
(4132.958221435547, 4232.749938964844, 4447.125244140625, 4232.749938964844):((), ())
(4360.916646321614, 4454.2083740234375, 4460.708109537761, 4454.2083740234375):((), ())
(4210.916646321614, 1700.7919311523438, 4210.916646321614, 1648.5000610351562):(((4228.041585286458, 1700.7919311523438, 4192.916615804036, 1700.7919311523438),), ())
(3152.0833333333335, 4350.583394368489, 3152.0833333333335, 4583.833312988281):((), ())
(8814.291381835938, 1769.5831298828125, 8814.583333333334, 1769.2916870117188):((), ())
(4843.124898274739, 1922.833251953125, 4843.124898274739, 2280.7083129882812):((), ())
(6089.750162760417, 1589.166768391927, 6089.750162760417, 2246.7498779296875):((), ())
(7895.375061035156, 2139.8335774739585, 7895.083109537761, 2139.5416259765625):((), ())
(4841.041564941406, 4075.3751118977866, 4841.041564941406, 4308.6252848307295):((), ())
(5716.250101725261, 4888.291422526042, 5716.250101725261, 4958.249918619792):((), ())
(5230.791727701823, 5016.7083740234375, 5230.791727701823, 5069.000244140625):(((5213.6667887369795, 5016.7083740234375, 5248.208109537761, 5016.7083740234375),), ())
(8814.875284830729, 1768.6665852864583, 8815.166219075521, 1768.3751424153645):((), ())
(8809.249877929688, 1768.0831909179688, 8809.541829427084, 1768.3751424153645):((), ())
(7895.083109537761, 2133.6247762044272, 7895.375061035156, 2133.3333333333335):((), ())
(8812.208048502604, 1771.625264485677, 8812.208048502604, 1772.2081502278645):((), ())
(8810.708618164062, 1769.2916870117188, 8811.041259765625, 1769.5831298828125):((), ())
(8812.208048502604, 1772.833251953125, 8812.208048502604, 1773.1252034505208):((), ())
(3442.333221435547, 2422.4166870117188, 3442.333221435547, 2214.5416259765625):((), ())
(8813.082885742188, 1771.625264485677, 8813.082885742188, 1771.3333129882812):((), ())
(4843.124898274739, 991.2083943684896, 4843.124898274739, 1223.0000813802083):((), ())
(8813.082885742188, 1774.291483561198, 8813.082885742188, 1774.0000406901042):((), ())
(3003.5415649414062, 4153.333282470703, 3003.5415649414062, 4771.333312988281):((), ())
(7894.208272298177, 2137.5, 7894.208272298177, 2136.8748982747397):((), ())
(7893.583170572917, 2134.5418294270835, 7893.916829427083, 2134.8332722981772):((), ())
(8085.5417887369795, 2172.6252237955728, 8085.5417887369795, 1869.6665445963542):((), ())
(5596.958414713542, 970.2499389648438, 5596.958414713542, 1246.3333129882812):((), ())
(4650.583394368489, 1589.166768391927, 4650.583394368489, 2156.0831705729165):((), ())
(5230.791727701823, 3889.3333435058594, 5230.791727701823, 4958.249918619792):((), ())
(8813.666788736979, 1775.1668294270833, 8813.374837239584, 1774.8748779296875):((), ())
(3563.0833943684897, 1519.458516438802, 3563.0833943684897, 2097.6252237955728):((), ())
(7896.541849772136, 2141.0415649414062, 7896.249898274739, 2140.7501220703125):((), ())
(5846.7498779296875, 5245.249938964844, 5746.083577473958, 5144.875081380208):((), ())
(2791.833241780599, 4864.333089192708, 2791.833241780599, 5198.9166259765625):((), ())
(5104.1249593098955, 1046.7498779296875, 4471.958414713542, 1046.7498779296875):((), ())
(7893.291727701823, 2133.9584350585938, 7893.583170572917, 2134.2498779296875):((), ())
(6077.666727701823, 1647.625223795573, 6077.666727701823, 936.0000610351562):((), ())
(5873.625183105469, 1775.1668294270833, 5937.416585286458, 1775.1668294270833):((), ())
(7893.291727701823, 2133.6247762044272, 7893.291727701823, 2133.9584350585938):((), ())
(5890.166727701823, 4565.8335367838545, 5890.166727701823, 4468.375142415364):((), ())
(5254.9997965494795, 1525.3748575846355, 5254.9997965494795, 1665.625):((), ())
(5596.958414713542, 1934.0418497721355, 5596.958414713542, 2039.166768391927):((), ())
(7895.66650390625, 2140.1250203450522, 7895.375061035156, 2139.8335774739585):((), ())
(7895.375061035156, 2133.3333333333335, 7895.66650390625, 2133.0418904622397):((), ())
(3126.375071207682, 1646.124776204427, 3126.375071207682, 1436.2085978190105):((), ())
(5972.833251953125, 1403.7083943684895, 5920.291646321614, 1403.7083943684895):(((5972.833251953125, 1386.5834554036458, 5972.833251953125, 1421.124776204427),), ())
(5045.66650390625, 4453.3335367838545, 5169.375101725261, 4453.3335367838545):((), ())
(3174.5000203450522, 3938.9582316080728, 3806.7082722981772, 3938.9582316080728):((), ())
(5972.833251953125, 835.333251953125, 5920.291646321614, 835.333251953125):(((5972.833251953125, 818.2083129882812, 5972.833251953125, 852.7501424153646),), ())
(2904.333241780599, 4118.7917073567705, 2904.333241780599, 4679.2083740234375):((), ())
(4235.708363850911, 2315.2501424153647, 4235.708363850911, 2512.5):((), ())
(7896.8332926432295, 2132.166544596354, 7897.125244140625, 2131.8751017252603):((), ())
(4525.083414713542, 4583.249918619792, 4525.083414713542, 4465.4164632161455):((), ())
(2848.833211263021, 3866.0415649414062, 2848.833211263021, 4099.291737874349):((), ())
(4950.583394368489, 4398.708089192708, 4950.583394368489, 3896.125030517578):((), ())
(6013.874816894531, 5203.3335367838545, 5571.541849772136, 5203.3335367838545):((), ())
(8809.249877929688, 1777.5416056315105, 8808.957926432291, 1777.8335571289062):((), ())
(8810.416666666666, 1776.666768391927, 8810.124715169271, 1776.9582112630208):((), ())
(7894.500223795573, 2138.3748372395835, 7894.500223795573, 2138.0833943684897):((), ())
(6176.583353678386, 2165.833536783854, 5045.66650390625, 2165.833536783854):((), ())
(8813.082885742188, 1772.2081502278645, 8813.082885742188, 1771.625264485677):((), ())
(5858.583577473958, 3965.833282470703, 5571.541849772136, 3965.833282470703):((), ())
(4235.708363850911, 5233.4584554036455, 4235.708363850911, 5361.000061035156):((), ())
(4735.333251953125, 1511.2085978190105, 4875.583394368489, 1511.2085978190105):((), ())
(7894.500223795573, 2135.1252237955728, 7894.500223795573, 2134.8332722981772):((), ())
(4596.541849772136, 1256.958516438802, 4596.541849772136, 1397.2081502278645):((), ())
(5029.1249593098955, 1698.7085978190105, 5029.1249593098955, 1488.458251953125):((), ())
(4385.708109537761, 1700.7919311523438, 4385.708109537761, 1490.8335367838542):((), ())
(8810.124715169271, 1768.6665852864583, 8810.416666666666, 1769.000244140625):((), ())
(6408.3750406901045, 2074.2914835611978, 6408.3750406901045, 2021.7498779296875):(((6426.374816894531, 2074.2914835611978, 6391.250101725261, 2074.2914835611978),), ())
(7893.583170572917, 2138.666788736979, 7893.583170572917, 2138.9582316080728):((), ())
(4569.375101725261, 5051.833089192708, 4569.375101725261, 5198.000081380208):((), ())
(8808.6669921875, 1767.791748046875, 8808.957926432291, 1768.0831909179688):((), ())
(7894.208272298177, 2136.0000610351562, 7894.208272298177, 2135.4166666666665):((), ())
(8811.333211263021, 1775.7919311523438, 8811.333211263021, 1776.0833740234375):((), ())
(7894.791666666667, 2138.9582316080728, 7894.791666666667, 2138.666788736979):((), ())
(2858.583323160807, 5245.249938964844, 2584.2498779296875, 4970.9584554036455):((), ())
(4132.958221435547, 2484.7081502278647, 4348.8332112630205, 2484.7081502278647):((), ())
(5168.7917073567705, 4615.4164632161455, 5168.7917073567705, 4502.9164632161455):((), ())
(8811.041259765625, 1769.5831298828125, 8811.333211263021, 1769.8750813802083):((), ())
(3353.7501017252603, 3931.291707356771, 3353.7501017252603, 4060.333251953125):((), ())
(8810.708618164062, 1776.3748168945312, 8810.416666666666, 1776.666768391927):((), ())
(8813.374837239584, 1774.8748779296875, 8813.374837239584, 1774.5834350585938):((), ())
(7895.66650390625, 2133.0418904622397, 7895.9584554036455, 2132.7499389648438):((), ())
(8811.333211263021, 1776.0833740234375, 8811.041259765625, 1776.3748168945312):((), ())
(5939.750162760417, 936.0000610351562, 5939.750162760417, 814.3335978190104):((), ())
(8814.583333333334, 1769.2916870117188, 8814.583333333334, 1769.000244140625):((), ())
(5716.250101725261, 4223.000081380208, 5716.250101725261, 4794.6665445963545):((), ())
(7894.500223795573, 2134.8332722981772, 7894.791666666667, 2134.5418294270835):((), ())
(8811.917114257812, 1774.291483561198, 8811.917114257812, 1774.5834350585938):((), ())
(7894.208272298177, 2137.7914428710938, 7894.208272298177, 2137.5):((), ())
(2800.999959309896, 1784.9166870117188, 3061.124928792318, 1784.9166870117188):((), ())
(3374.7083028157554, 991.2083943684896, 3374.7083028157554, 1185.5000813802083):((), ())
(8811.917114257812, 1771.0418701171875, 8811.917114257812, 1771.3333129882812):((), ())
(2596.9584147135415, 4028.7083943684897, 3232.958221435547, 4028.7083943684897):((), ())
(7895.9584554036455, 2140.416463216146, 7895.66650390625, 2140.1250203450522):((), ())
(7893.916829427083, 2138.0833943684897, 7893.916829427083, 2138.3748372395835):((), ())
(8810.416666666666, 1769.000244140625, 8810.708618164062, 1769.2916870117188):((), ())
(6066.416422526042, 4420.249938964844, 6066.416422526042, 4653.541564941406):((), ())
(2731.291707356771, 4529.2083740234375, 3806.7082722981772, 4529.2083740234375):((), ())
(7895.083109537761, 2139.2501831054688, 7894.791666666667, 2138.9582316080728):((), ())
(5104.1249593098955, 2023.5000610351562, 4384.2498779296875, 2023.5000610351562):((), ())
(7894.791666666667, 2138.666788736979, 7894.500223795573, 2138.3748372395835):((), ())
(2595.458221435547, 5179.9997965494795, 3580.2083333333335, 5179.9997965494795):((), ())
(7893.916829427083, 2138.3748372395835, 7893.583170572917, 2138.666788736979):((), ())
(8812.208048502604, 1773.1252034505208, 8812.208048502604, 1773.7085978190105):((), ())
(7893.583170572917, 2134.2498779296875, 7893.583170572917, 2134.5418294270835):((), ())
(5029.9997965494795, 4281.500244140625, 5131.875101725261, 4281.500244140625):((), ())
(6148.208109537761, 1487.000020345052, 6351.374816894531, 1487.000020345052):((), ())
(7888.291422526042, 2172.6252237955728, 7888.291422526042, 1869.6665445963542):((), ())
(5917.333475748698, 3771.5415954589844, 6113.083394368489, 3771.5415954589844):((), ())
(4901.583353678386, 5133.6252848307295, 4901.583353678386, 4340.8335367838545):((), ())
(8811.333211263021, 1770.166524251302, 8811.625162760416, 1770.458475748698):((), ())
(8813.666788736979, 1770.166524251302, 8813.958740234375, 1769.8750813802083):((), ())
(8814.583333333334, 1769.000244140625, 8814.875284830729, 1768.6665852864583):((), ())
(4688.083394368489, 4927.250162760417, 4384.2498779296875, 4927.250162760417):((), ())
(6367.9168701171875, 3843.000030517578, 6367.9168701171875, 3895.2499389648438):(((6350.791422526042, 3843.000030517578, 6385.916646321614, 3843.000030517578),), ())
(7894.208272298177, 2136.583455403646, 7894.208272298177, 2136.8748982747397):((), ())
(4569.375101725261, 3910.333251953125, 4569.375101725261, 4070.0833638509116):((), ())
(3101.5833536783853, 1475.7919311523438, 3241.833241780599, 1475.7919311523438):((), ())
(7894.208272298177, 2136.583455403646, 7894.208272298177, 2136.29150390625):((), ())
(4843.124898274739, 1316.0415649414062, 4843.124898274739, 1829.2083740234375):((), ())
(6408.3750406901045, 1339.3335978190105, 6408.3750406901045, 1841.0415649414062):((), ())
(8811.625162760416, 1770.7499186197917, 8811.917114257812, 1771.0418701171875):((), ())
(5206.875101725261, 4270.249938964844, 5206.875101725261, 4157.749938964844):((), ())
(6423.416646321614, 4223.000081380208, 6423.416646321614, 4794.6665445963545):((), ())
(3243.2917277018228, 2074.2914835611978, 3243.2917277018228, 2279.7917683919272):((), ())
(2791.833241780599, 5233.4584554036455, 2791.833241780599, 5180.875142415364):(((2809.2498779296875, 5233.4584554036455, 2774.7083028157554, 5233.4584554036455),), ())
(4442.708333333333, 1820.0831095377605, 5779.9997965494795, 1820.0831095377605):((), ())
(8816.3330078125, 1777.8335571289062, 8816.042073567709, 1777.5416056315105):((), ())
(4741.83349609375, 953.125, 4742.708333333333, 817.2917683919271):((), ())
(5596.958414713542, 2097.6252237955728, 5596.958414713542, 2218.3751424153647):(((5578.916422526042, 2097.6252237955728, 5614.083353678386, 2097.6252237955728),), ())
(4430.624898274739, 4382.1665445963545, 4430.624898274739, 4616.041564941406):((), ())
(8814.875284830729, 1776.9582112630208, 8814.583333333334, 1776.666768391927):((), ())
(4957.958475748698, 4536.5834554036455, 5191.250101725261, 4536.5834554036455):((), ())
(5949.500020345052, 4536.5834554036455, 5866.250101725261, 4536.5834554036455):((), ())
(6249.500020345052, 3977.0416259765625, 6388.874816894531, 3977.0416259765625):((), ())
(3887.5834147135415, 2315.2501424153647, 3887.5834147135415, 2262.6668294270835):(((3905.6248982747397, 2315.2501424153647, 3870.458221435547, 2315.2501424153647),), ())
(2731.8751017252603, 3982.3750813802085, 2966.0415649414062, 3982.3750813802085):((), ())
(3587.5834147135415, 4679.2083740234375, 3587.5834147135415, 3896.125030517578):((), ())
(8806.874593098959, 2172.6252237955728, 8806.874593098959, 1734.7081502278645):((), ())
(5727.458190917969, 5186.208089192708, 5960.708109537761, 5186.208089192708):((), ())
(3155.0000508626304, 2484.7081502278647, 4039.9584452311196, 2484.7081502278647):((), ())
(5896.958414713542, 1187.000020345052, 5045.66650390625, 1187.000020345052):((), ())
(7896.249898274739, 2132.45849609375, 7896.541849772136, 2132.166544596354):((), ())
(7896.249898274739, 2140.7501220703125, 7895.9584554036455, 2140.416463216146):((), ())
(7894.791666666667, 2134.2498779296875, 7895.083109537761, 2133.9584350585938):((), ())
(3613.291676839193, 5012.000020345052, 3847.124989827474, 5012.000020345052):((), ())
(4314.583333333333, 4499.0834554036455, 4547.833251953125, 4499.0834554036455):((), ())
(3038.0833943684897, 1979.2083740234375, 3759.4584147135415, 1979.2083740234375):((), ())
(5790.374755859375, 5313.458251953125, 5790.374755859375, 5152.250162760417):((), ())
(8811.917114257812, 1774.5834350585938, 8811.625162760416, 1774.8748779296875):((), ())
(2657.7916463216147, 5233.4584554036455, 2657.7916463216147, 5358.6252848307295):((), ())
(7893.916829427083, 2134.8332722981772, 7893.916829427083, 2135.1252237955728):((), ())
(5004.33349609375, 1530.7083129882812, 5144.5831298828125, 1530.7083129882812):((), ())
(4995.458475748698, 4191.7083740234375, 5229.33349609375, 4191.7083740234375):((), ())
(7894.208272298177, 2136.0000610351562, 7894.208272298177, 2136.29150390625):((), ())
(7894.208272298177, 2136.29150390625, 7894.208272298177, 2136.0000610351562):((), ())
(4274.708557128906, 1864.3335978190105, 4273.8332112630205, 1181.0831705729167):((), ())
(8813.082885742188, 1772.5418090820312, 8813.082885742188, 1772.2081502278645):((), ())
(4573.208109537761, 1325.7919311523438, 4699.916585286458, 1325.7919311523438):((), ())
(3243.2917277018228, 1902.7501424153645, 3243.2917277018228, 1981.2917073567708):((), ())
(3700.999959309896, 1690.4164632161458, 4145.083363850911, 1690.4164632161458):((), ())
(6249.500020345052, 3866.9166564941406, 6388.874816894531, 3866.9166564941406):((), ())
(5133.3750406901045, 4133.833312988281, 5824.291483561198, 4133.833312988281):((), ())
(4442.708333333333, 4713.458251953125, 5815.166727701823, 4713.458251953125):((), ())
(2630.6248982747397, 4272.6247151692705, 2672.833251953125, 4272.6247151692705):((), ())
(8811.625162760416, 1774.8748779296875, 8811.625162760416, 1775.1668294270833):((), ())
(2684.624989827474, 1701.666768391927, 3759.4584147135415, 1701.666768391927):((), ())
(7895.083109537761, 2139.5416259765625, 7895.083109537761, 2139.2501831054688):((), ())
(2766.416676839193, 5334.708658854167, 3017.7083333333335, 5334.708658854167):((), ())
(5937.416585286458, 4829.791768391927, 5937.416585286458, 4340.8335367838545):((), ())
(3823.833211263021, 4232.749938964844, 4039.9584452311196, 4232.749938964844):((), ())
(8617.332967122396, 2743.3751424153647, 8850.582885742188, 2743.3751424153647):((), ())
(8848.833211263021, 2852.916717529297, 8498.625183105469, 2852.916717529297):((), ())
(7893.916829427083, 2135.1252237955728, 7894.208272298177, 2135.4166666666665):((), ())
(4442.708333333333, 2400.0, 5779.9997965494795, 2400.0):((), ())
(3700.999959309896, 1967.1249389648438, 4098.416646321614, 1967.1249389648438):((), ())
(3700.999959309896, 2296.3333129882812, 4454.833475748698, 2296.3333129882812):(((4235.708363850911, 2315.2501424153647, 4235.708363850911, 2273.0000813802085),), ())
(6249.500020345052, 4613.083394368489, 6444.375101725261, 4613.083394368489):((), ())
(8814.291381835938, 1776.3748168945312, 8813.958740234375, 1776.0833740234375):((), ())
(5716.250101725261, 5051.833089192708, 5716.250101725261, 5198.000081380208):((), ())
(2766.416676839193, 4272.6247151692705, 3116.624959309896, 4272.6247151692705):((), ())
(5960.708109537761, 3854.2083740234375, 5960.708109537761, 3747.624969482422):((), ())
(4132.958221435547, 1372.4166870117188, 4436.791483561198, 1372.4166870117188):((), ())
(4210.916646321614, 1525.3748575846355, 4210.916646321614, 1665.625):((), ())
(8813.374837239584, 1770.7499186197917, 8813.666788736979, 1770.458475748698):((), ())
(7894.208272298177, 2135.4166666666665, 7894.500223795573, 2135.1252237955728):((), ())
(7894.208272298177, 2137.5, 7894.208272298177, 2137.7914428710938):((), ())
(3155.0000508626304, 2400.0, 4039.0833536783853, 2400.0):((), ())
(7894.208272298177, 2136.8748982747397, 7894.208272298177, 2137.5):((), ())
(5104.1249593098955, 1678.3335367838542, 4086.333211263021, 1678.3335367838542):((), ())
(3887.5834147135415, 1952.0416259765625, 3887.5834147135415, 2280.7083129882812):((), ())
(5074.916585286458, 4420.249938964844, 5074.916585286458, 4653.541564941406):((), ())
(8813.082885742188, 1771.3333129882812, 8813.374837239584, 1771.0418701171875):((), ())
(3660.541788736979, 4931.958516438802, 3760.333251953125, 4931.958516438802):((), ())
(5928.541564941406, 1647.625223795573, 5928.541564941406, 1223.0000813802083):((), ())
(2632.0833841959634, 835.333251953125, 3151.166788736979, 835.333251953125):((), ())
(3243.2917277018228, 2015.8335367838542, 3243.2917277018228, 1963.2919311523438):(((3260.7083638509116, 2015.8335367838542, 3226.166788736979, 2015.8335367838542),), ())
(8811.041259765625, 1776.3748168945312, 8810.708618164062, 1776.3748168945312):((), ())
(3875.791676839193, 3896.125030517578, 3875.791676839193, 3948.7083435058594):(((3857.7916463216147, 3896.125030517578, 3892.9166158040366, 3896.125030517578),), ())
(8813.958740234375, 1769.8750813802083, 8814.291381835938, 1769.5831298828125):((), ())
(4688.083394368489, 3960.5000813802085, 4471.958414713542, 3960.5000813802085):((), ())
(7893.583170572917, 2138.9582316080728, 7893.291727701823, 2139.2501831054688):((), ())
(8814.583333333334, 1776.3748168945312, 8814.291381835938, 1776.3748168945312):((), ())
(4178.750101725261, 4398.708089192708, 4178.750101725261, 4099.291737874349):((), ())
(2596.9584147135415, 1044.6665445963542, 3491.624959309896, 1044.6665445963542):((), ())
(4944.375101725261, 2618.791707356771, 4944.375101725261, 2384.9166870117188):((), ())
(2927.6667277018228, 5233.4584554036455, 2927.6667277018228, 5358.6252848307295):((), ())
(4360.916646321614, 1530.7083129882812, 4501.1667887369795, 1530.7083129882812):((), ())
(5873.625183105469, 835.333251953125, 5937.416585286458, 835.333251953125):((), ())
(8817.207845052084, 1778.125, 8816.916910807291, 1777.8335571289062):((), ())
(7897.458394368489, 2131.8751017252603, 7897.749837239583, 2131.5831502278647):((), ())
(4763.083394368489, 4270.249938964844, 4763.083394368489, 4157.749938964844):((), ())
(8813.958740234375, 1776.0833740234375, 8813.666788736979, 1775.7919311523438):((), ())
(8798.041788736979, 1772.833251953125, 8911.124674479166, 1772.833251953125):((), ())
(3574.291737874349, 2315.2501424153647, 3574.291737874349, 2512.5):((), ())
(8809.833780924479, 1777.2501627604167, 8809.541829427084, 1777.5416056315105):((), ())
(3245.0833638509116, 1372.4166870117188, 4039.9584452311196, 1372.4166870117188):((), ())
(3245.0833638509116, 835.333251953125, 4039.9584452311196, 835.333251953125):((), ())
