(9304.582722981771, 3728.7083943684897, 9358.333333333334, 3728.7083943684897)
(9358.333333333334, 3728.7083943684897, 9358.333333333334, 3775.958506266276)
(9612.957763671875, 3775.958506266276, 9612.957763671875, 3728.7083943684897)
(9612.957763671875, 3728.7083943684897, 9664.333089192709, 3728.7083943684897)
(9664.333089192709, 3657.8333536783853, 9664.333089192709, 3699.208323160807)
(9664.333089192709, 3710.9583536783853, 9664.333089192709, 3752.333323160807)
(9304.582722981771, 3660.58349609375, 9304.582722981771, 3701.958465576172)
(9304.582722981771, 3713.8333638509116, 9304.582722981771, 3755.083465576172)
(7783.457946777344, 964.8335774739584, 7783.457946777344, 938.2085164388021)
(7804.083251953125, 964.8335774739584, 7804.083251953125, 938.2085164388021)
(7804.083251953125, 938.2085164388021, 7818.832906087239, 964.8335774739584)
(7818.832906087239, 964.8335774739584, 7818.832906087239, 938.2085164388021)
(7827.707926432292, 964.8335774739584, 7827.707926432292, 938.2085164388021)
(7848.333231608073, 964.8335774739584, 7848.333231608073, 938.2085164388021)
(7871.957906087239, 964.8335774739584, 7880.832926432292, 938.2085164388021)
(7880.832926432292, 938.2085164388021, 7889.707946777344, 964.8335774739584)
(7898.5829671223955, 938.2085164388021, 7898.5829671223955, 964.8335774739584)
(7931.083170572917, 938.2085164388021, 7931.083170572917, 964.8335774739584)
(7954.708353678386, 964.8335774739584, 7963.5833740234375, 938.2085164388021)
(7963.5833740234375, 938.2085164388021, 7972.458394368489, 964.8335774739584)
(7981.2082926432295, 964.8335774739584, 7981.2082926432295, 938.2085164388021)
(8016.7083740234375, 938.2085164388021, 8016.7083740234375, 964.8335774739584)
(8037.333170572917, 964.8335774739584, 8046.208190917969, 938.2085164388021)
(8046.208190917969, 938.2085164388021, 8055.0832112630205, 964.8335774739584)
(8090.458170572917, 964.8335774739584, 8090.458170572917, 938.2085164388021)
(8099.333190917969, 964.8335774739584, 8099.333190917969, 938.2085164388021)
(8099.333190917969, 938.2085164388021, 8114.083353678386, 964.8335774739584)
(8114.083353678386, 964.8335774739584, 8114.083353678386, 938.2085164388021)
(8182.0831298828125, 964.8335774739584, 8182.0831298828125, 938.2085164388021)
(8252.958170572916, 964.8335774739584, 8252.958170572916, 938.2085164388021)
(8273.582967122396, 964.8335774739584, 8273.582967122396, 938.2085164388021)
(8273.582967122396, 938.2085164388021, 8288.333129882812, 964.8335774739584)
(8288.333129882812, 964.8335774739584, 8288.333129882812, 938.2085164388021)
(8317.832946777344, 964.8335774739584, 8317.832946777344, 938.2085164388021)
(8350.333150227865, 938.2085164388021, 8350.333150227865, 964.8335774739584)
(8373.958333333334, 964.8335774739584, 8373.958333333334, 938.2085164388021)
(8382.833353678385, 964.8335774739584, 8391.708374023438, 938.2085164388021)
(8391.708374023438, 938.2085164388021, 8400.58339436849, 964.8335774739584)
(8433.083089192709, 964.8335774739584, 8433.083089192709, 938.2085164388021)
(8456.708272298178, 964.8335774739584, 8465.458170572916, 938.2085164388021)
(8465.458170572916, 938.2085164388021, 8474.333190917969, 964.8335774739584)
(8483.208211263021, 964.8335774739584, 8483.208211263021, 938.2085164388021)
(8500.958251953125, 938.2085164388021, 8500.958251953125, 964.8335774739584)
(8554.083251953125, 964.8335774739584, 8554.083251953125, 938.2085164388021)
(8554.083251953125, 938.2085164388021, 8568.833414713541, 964.8335774739584)
(8568.833414713541, 964.8335774739584, 8568.833414713541, 938.2085164388021)
(8619.082641601562, 964.8335774739584, 8619.082641601562, 938.2085164388021)
(7764.707946777344, 192.70833333333334, 7764.707946777344, 151.458740234375)
(7775.8331298828125, 192.70833333333334, 7775.8331298828125, 151.458740234375)
(7775.8331298828125, 151.458740234375, 7786.833190917969, 192.70833333333334)
(7786.833190917969, 192.70833333333334, 7797.833251953125, 151.458740234375)
(7797.833251953125, 151.458740234375, 7797.833251953125, 192.70833333333334)
(7808.833312988281, 192.70833333333334, 7808.833312988281, 151.458740234375)
(7868.083190917969, 192.70833333333334, 7868.083190917969, 151.458740234375)
(7906.708272298177, 151.458740234375, 7906.708272298177, 192.70833333333334)
(7921.8332926432295, 192.70833333333334, 7932.833353678386, 151.458740234375)
(7932.833353678386, 151.458740234375, 7943.958028157552, 192.70833333333334)
(7952.207946777344, 192.70833333333334, 7952.207946777344, 151.458740234375)
(7952.207946777344, 151.458740234375, 7971.457926432292, 192.70833333333334)
(7971.457926432292, 192.70833333333334, 7971.457926432292, 151.458740234375)
(7992.083231608073, 151.458740234375, 7992.083231608073, 192.70833333333334)
(8033.457946777344, 192.70833333333334, 8033.457946777344, 151.458740234375)
(8033.457946777344, 151.458740234375, 8052.707926432292, 192.70833333333334)
(8052.707926432292, 192.70833333333334, 8052.707926432292, 151.458740234375)
(8103.708394368489, 151.458740234375, 8103.708394368489, 192.70833333333334)
(8118.958028157552, 192.70833333333334, 8118.958028157552, 151.458740234375)
(8866.3330078125, 3250.958506266276, 8880.458577473959, 3272.2084045410156)
(8880.458577473959, 3250.958506266276, 8866.3330078125, 3272.2084045410156)
(9378.8330078125, 3290.3333028157554, 9393.082682291666, 3311.583455403646)
(9393.082682291666, 3290.3333028157554, 9378.8330078125, 3311.583455403646)
(9564.833577473959, 2508.7081909179688, 9529.33349609375, 2514.5833333333335)
(9529.33349609375, 2514.5833333333335, 9564.833577473959, 2520.4584757486978)
(9423.08349609375, 2508.7081909179688, 9458.458455403646, 2514.5833333333335)
(9458.458455403646, 2514.5833333333335, 9423.08349609375, 2520.4584757486978)
(8835.58349609375, 2904.9583435058594, 8867.833455403646, 2911.333465576172)
(8867.833455403646, 2911.333465576172, 8831.9580078125, 2911.333465576172)
(8939.333089192709, 2911.333465576172, 8939.333089192709, 2866.4583841959634)
(8939.333089192709, 2866.4583841959634, 8939.333089192709, 2911.333465576172)
(8939.333089192709, 2866.4583841959634, 8939.333089192709, 2911.333465576172)
(8939.333089192709, 2955.7083129882812, 8939.333089192709, 2911.333465576172)
(8806.9580078125, 2955.7083129882812, 8831.9580078125, 2911.333465576172)
(8873.08349609375, 3133.458455403646, 8854.582722981771, 3114.9584452311196)
(9563.458251953125, 2919.3333943684897, 9535.832722981771, 2919.3333943684897)
(9563.458251953125, 2919.3333943684897, 9535.832722981771, 2919.3333943684897)
(9535.832722981771, 2919.3333943684897, 9563.458251953125, 2921.083323160807)
(9535.832722981771, 2919.3333943684897, 9563.458251953125, 2921.083323160807)
(9563.458251953125, 2921.083323160807, 9526.707967122396, 2921.083323160807)
(9563.458251953125, 2921.083323160807, 9526.707967122396, 2921.083323160807)
(9526.707967122396, 2921.083323160807, 9563.458251953125, 2923.2083638509116)
(9526.707967122396, 2921.083323160807, 9563.458251953125, 2923.2083638509116)
(9563.458251953125, 2923.2083638509116, 9517.583211263021, 2923.2083638509116)
(9563.458251953125, 2923.2083638509116, 9517.583211263021, 2923.2083638509116)
(9517.583211263021, 2923.2083638509116, 9563.458251953125, 2925.8333841959634)
(9517.583211263021, 2923.2083638509116, 9563.458251953125, 2925.8333841959634)
(9563.458251953125, 2925.8333841959634, 9508.707682291666, 2925.8333841959634)
(9563.458251953125, 2925.8333841959634, 9508.707682291666, 2925.8333841959634)
(9508.707682291666, 2925.8333841959634, 9563.458251953125, 2928.9583841959634)
(9508.707682291666, 2925.8333841959634, 9563.458251953125, 2928.9583841959634)
(8867.833455403646, 2911.333465576172, 8835.58349609375, 2904.9583435058594)
(8849.457804361979, 3109.7084045410156, 8873.08349609375, 3133.458455403646)
(9077.958170572916, 3147.333526611328, 9071.457926432291, 3114.9584452311196)
(8903.083292643229, 609.4584147135416, 8903.083292643229, 582.9584757486979)
(8903.083292643229, 582.9584757486979, 8917.708333333334, 609.4584147135416)
(8917.708333333334, 609.4584147135416, 8917.708333333334, 582.9584757486979)
(8944.207763671875, 609.4584147135416, 8944.207763671875, 582.9584757486979)
(8959.707641601562, 661.8336995442709, 8959.707641601562, 687.4582926432291)
(9030.582682291666, 571.8332926432291, 9030.582682291666, 540.3335571289062)
(8839.458211263021, 191.83349609375, 8839.458211263021, 150.5833943684896)
(8868.458048502604, 191.83349609375, 8868.458048502604, 150.5833943684896)
(8894.583129882812, 191.83349609375, 8894.583129882812, 150.5833943684896)
(8905.707804361979, 191.83349609375, 8905.707804361979, 150.5833943684896)
(8905.707804361979, 150.5833943684896, 8924.958292643229, 191.83349609375)
(8924.958292643229, 191.83349609375, 8924.958292643229, 150.5833943684896)
(8935.957845052084, 191.83349609375, 8935.957845052084, 150.5833943684896)
(8991.082763671875, 191.83349609375, 8991.082763671875, 150.5833943684896)
(9048.958333333334, 191.83349609375, 9048.958333333334, 150.5833943684896)
(9075.208536783854, 191.83349609375, 9075.208536783854, 150.5833943684896)
(9075.208536783854, 150.5833943684896, 9086.208089192709, 191.83349609375)
(9086.208089192709, 191.83349609375, 9097.207641601562, 150.5833943684896)
(9097.207641601562, 150.5833943684896, 9097.207641601562, 191.83349609375)
(9108.208211263021, 191.83349609375, 9108.208211263021, 150.5833943684896)
(9134.458414713541, 191.83349609375, 9134.458414713541, 150.5833943684896)
(9134.458414713541, 150.5833943684896, 9153.707885742188, 191.83349609375)
(9153.707885742188, 191.83349609375, 9153.707885742188, 150.5833943684896)
(9174.332682291666, 150.5833943684896, 9174.332682291666, 191.83349609375)
(9215.708414713541, 191.83349609375, 9215.708414713541, 150.5833943684896)
(9215.708414713541, 150.5833943684896, 9234.957885742188, 191.83349609375)
(9234.957885742188, 191.83349609375, 9234.957885742188, 150.5833943684896)
(9285.957845052084, 150.5833943684896, 9285.957845052084, 191.83349609375)
(9301.083374023438, 191.83349609375, 9301.083374023438, 150.5833943684896)
(8953.208414713541, 1354.33349609375, 8964.207967122396, 1377.9586791992188)
(9608.083089192709, 1354.833475748698, 9619.082641601562, 1331.2082926432292)
(9608.083089192709, 1331.2082926432292, 9619.082641601562, 1354.833475748698)
(9738.333129882812, 1370.5835978190105, 9749.332682291666, 1394.208272298177)
(8871.207682291666, 1437.2085571289062, 8882.333374023438, 1460.833231608073)
(8934.208170572916, 1437.2085571289062, 8945.207722981771, 1460.833231608073)
(8879.958089192709, 1527.0833333333333, 8890.957641601562, 1503.4586588541667)
(8879.958089192709, 1503.4586588541667, 8890.957641601562, 1527.0833333333333)
(8941.3330078125, 1503.4586588541667, 8952.333577473959, 1527.0833333333333)
(8997.708129882812, 1911.9583129882812, 9011.832682291666, 1933.2082112630208)
(9011.832682291666, 1911.9583129882812, 8997.708129882812, 1933.2082112630208)
(9620.207722981771, 2785.333506266276, 9634.458414713541, 2806.5834045410156)
(9634.458414713541, 2785.333506266276, 9620.207722981771, 2806.5834045410156)
(7870.333353678386, 855.4585774739584, 7884.583028157552, 876.7084757486979)
(7884.583028157552, 855.4585774739584, 7870.333353678386, 876.7084757486979)
(8981.832885742188, 1263.5833740234375, 8995.958455403646, 1284.833272298177)
(8995.958455403646, 1263.5833740234375, 8981.832885742188, 1284.833272298177)
(297.5833257039388, 350.45827229817706, 297.5833257039388, 303.2084147135417)
(344.8333104451497, 303.2084147135417, 344.8333104451497, 336.95831298828125)
(376.3333320617676, 336.95831298828125, 376.3333320617676, 303.2084147135417)
(394.33333079020184, 350.45827229817706, 394.33333079020184, 303.2084147135417)
(425.8333206176758, 350.45827229817706, 425.8333206176758, 303.2084147135417)
(491.08333587646484, 350.45827229817706, 491.08333587646484, 303.2084147135417)
(522.5833257039388, 303.2084147135417, 522.5833257039388, 350.45827229817706)
(491.08333587646484, 325.70851643880206, 522.5833257039388, 325.70851643880206)
(540.5832926432291, 350.45827229817706, 540.5832926432291, 303.2084147135417)
(558.5833231608073, 350.45827229817706, 558.5833231608073, 303.2084147135417)
(590.0833129882812, 350.45827229817706, 590.0833129882812, 303.2084147135417)
(743.0833180745443, 350.45827229817706, 743.0833180745443, 303.2084147135417)
(774.5833079020182, 303.2084147135417, 774.5833079020182, 350.45827229817706)
(743.0833180745443, 325.70851643880206, 774.5833079020182, 325.70851643880206)
(792.5833384195963, 350.45827229817706, 792.5833384195963, 303.2084147135417)
(792.5833384195963, 303.2084147135417, 821.8332926432291, 303.2084147135417)
(792.5833384195963, 350.45827229817706, 821.8332926432291, 350.45827229817706)
(835.3333155314127, 350.45827229817706, 853.3333460489908, 303.2084147135417)
(853.3333460489908, 303.2084147135417, 871.3333129882812, 350.45827229817706)
(884.8333358764648, 350.45827229817706, 884.8333358764648, 303.2084147135417)
(900.5833307902018, 325.70851643880206, 916.3333257039388, 350.45827229817706)
(974.8332977294922, 303.2084147135417, 974.8332977294922, 350.45827229817706)
(974.8332977294922, 350.45827229817706, 1001.8332799275717, 350.45827229817706)
(1013.0833307902018, 350.45827229817706, 1013.0833307902018, 303.2084147135417)
(1136.7083231608074, 303.2084147135417, 1136.7083231608074, 350.45827229817706)
(1120.9583282470703, 303.2084147135417, 1152.4583180745442, 303.2084147135417)
(1161.4583333333333, 350.45827229817706, 1179.4583638509114, 303.2084147135417)
(1179.4583638509114, 303.2084147135417, 1197.458267211914, 350.45827229817706)
(1210.9583536783855, 350.45827229817706, 1210.9583536783855, 303.2084147135417)
(1258.2083384195964, 303.2084147135417, 1258.2083384195964, 350.45827229817706)
(1258.2083384195964, 350.45827229817706, 1285.208257039388, 350.45827229817706)
(1296.4583079020183, 350.45827229817706, 1296.4583079020183, 303.2084147135417)
(1296.4583079020183, 303.2084147135417, 1325.7082621256511, 303.2084147135417)
(1296.4583079020183, 350.45827229817706, 1325.7082621256511, 350.45827229817706)
(387.45832443237305, 535.8332316080729, 387.45832443237305, 491.583251953125)
(442.3333168029785, 491.583251953125, 442.3333168029785, 535.8332316080729)
(555.8333079020182, 525.5833943684896, 555.8333079020182, 498.9583333333333)
(555.8333079020182, 498.9583333333333, 573.5833485921224, 525.5833943684896)
(573.5833485921224, 525.5833943684896, 573.5833485921224, 498.9583333333333)
(590.0833129882812, 498.9583333333333, 590.0833129882812, 525.5833943684896)
(383.2083384195964, 742.5837198893229, 383.2083384195964, 698.3332316080729)
(448.5833168029785, 721.4584350585938, 427.58331298828125, 742.5837198893229)
(427.58331298828125, 742.5837198893229, 457.0833206176758, 742.5837198893229)
(555.8333079020182, 732.208251953125, 555.8333079020182, 705.7083129882812)
(555.8333079020182, 705.7083129882812, 573.5833485921224, 732.208251953125)
(573.5833485921224, 732.208251953125, 573.5833485921224, 705.7083129882812)
(590.0833129882812, 705.7083129882812, 590.0833129882812, 732.208251953125)
(872.8333155314127, 656.0836791992188, 872.8333155314127, 709.3332926432291)
(1021.3333129882812, 656.0836791992188, 1021.3333129882812, 709.3332926432291)
(985.2083206176758, 694.708251953125, 1006.2082926432291, 715.5832926432291)
(997.8333155314127, 682.0836385091146, 1018.7082926432291, 703.0832926432291)
(916.0833358764648, 466.583251953125, 916.0833358764648, 519.8333740234375)
(924.9582926432291, 457.70823160807294, 978.0832926432291, 457.70823160807294)
(986.9583129882812, 466.583251953125, 986.9583129882812, 519.8333740234375)
(950.9583155314127, 505.2083333333333, 971.8332926432291, 526.0833740234375)
(963.4583155314127, 492.58371988932294, 984.3332926432291, 513.458251953125)
(924.9582926432291, 528.5832722981771, 978.0832926432291, 528.5832722981771)
(2963.208262125651, 3859.7084045410156, 2963.208262125651, 3824.3334452311196)
(2963.208262125651, 3824.3334452311196, 2998.583221435547, 3824.3334452311196)
(3164.0833536783853, 3180.5834452311196, 3164.0833536783853, 3145.208485921224)
(3164.0833536783853, 3145.208485921224, 3199.583180745443, 3145.208485921224)
(3488.3331298828125, 4829.33349609375, 3488.3331298828125, 4793.833414713542)
(3488.3331298828125, 4793.833414713542, 3523.833211263021, 4793.833414713542)
(3176.4582316080728, 4698.458353678386, 3140.9581502278647, 4698.458353678386)
(3140.9581502278647, 4698.458353678386, 3140.9581502278647, 4662.958272298177)
(5345.9584554036455, 4387.7085367838545, 5345.9584554036455, 4352.333577473958)
(5345.9584554036455, 4352.333577473958, 5381.458028157552, 4352.333577473958)
(5176.583353678386, 4178.833516438802, 5141.208394368489, 4178.833516438802)
(5141.208394368489, 4178.833516438802, 5141.208394368489, 4143.458302815755)
(6212.083435058594, 3748.7083435058594, 6212.083435058594, 3713.3333841959634)
(6212.083435058594, 3713.3333841959634, 6176.583353678386, 3713.3333841959634)
(5989.333089192708, 2826.3333638509116, 5989.333089192708, 2790.833536783854)
(5989.333089192708, 2790.833536783854, 5953.8330078125, 2790.833536783854)
(4618.208312988281, 2758.458455403646, 4618.208312988281, 2722.9583740234375)
(4618.208312988281, 2722.9583740234375, 4653.708394368489, 2722.9583740234375)
(4242.333221435547, 2958.458455403646, 4206.958262125651, 2958.458455403646)
(4206.958262125651, 2958.458455403646, 4206.958262125651, 2993.8334147135415)
(4823.458353678386, 2568.4585571289062, 4787.958272298177, 2568.4585571289062)
(4787.958272298177, 2568.4585571289062, 4787.958272298177, 2603.8335164388022)
(6067.458089192708, 3068.3334350585938, 6032.0831298828125, 3068.3334350585938)
(6032.0831298828125, 3068.3334350585938, 6032.0831298828125, 3103.7083943684897)
(3129.7083536783853, 3573.833465576172, 3094.3331400553384, 3573.833465576172)
(3094.3331400553384, 3573.833465576172, 3094.3331400553384, 3609.208424886068)
(2823.4583536783853, 4671.2086995442705, 2823.4583536783853, 4632.833353678386)
(3527.9581705729165, 4671.2086995442705, 3527.9581705729165, 4632.833353678386)
(3264.5833333333335, 4637.7085367838545, 3264.5833333333335, 4608.2082112630205)
(3264.5833333333335, 4608.2082112630205, 3279.5832316080728, 4637.7085367838545)
(3279.5832316080728, 4637.7085367838545, 3279.5832316080728, 4608.2082112630205)
(3295.5833435058594, 4608.2082112630205, 3295.5833435058594, 4637.7085367838545)
(3579.9583435058594, 4701.3336181640625, 3618.333180745443, 4701.3336181640625)
(3579.9583435058594, 5011.958312988281, 3618.333180745443, 5011.958312988281)
(3593.708292643229, 5216.583251953125, 3564.208221435547, 5216.583251953125)
(3564.208221435547, 5216.583251953125, 3593.708292643229, 5201.708475748698)
(3593.708292643229, 5201.708475748698, 3564.208221435547, 5201.708475748698)
(3564.208221435547, 5185.58349609375, 3593.708292643229, 5185.58349609375)
(4999.9582926432295, 4122.583516438802, 4999.9582926432295, 4084.208424886068)
(5357.0831298828125, 4122.583516438802, 5357.0831298828125, 4084.208424886068)
(5411.958312988281, 4089.0833536783853, 5411.958312988281, 4059.583282470703)
(5411.958312988281, 4059.583282470703, 5426.833089192708, 4089.0833536783853)
(5426.833089192708, 4089.0833536783853, 5426.833089192708, 4059.583282470703)
(5442.8334554036455, 4059.583282470703, 5442.8334554036455, 4089.0833536783853)
(5409.0830485026045, 4165.708414713542, 5447.458394368489, 4165.708414713542)
(5409.0830485026045, 4567.208353678386, 5447.458394368489, 4567.208353678386)
(5422.833251953125, 4747.458394368489, 5393.333435058594, 4747.458394368489)
(5393.333435058594, 4747.458394368489, 5422.833251953125, 4732.45849609375)
(5422.833251953125, 4732.45849609375, 5393.333435058594, 4732.45849609375)
(5393.333435058594, 4716.4581298828125, 5422.833251953125, 4716.4581298828125)
(2920.708211263021, 4329.083251953125, 2885.2083841959634, 4329.083251953125)
(2885.2083841959634, 4329.083251953125, 2885.2083841959634, 4364.583333333333)
(2974.3331909179688, 4385.58349609375, 2974.3331909179688, 4423.958333333333)
(2643.2083129882812, 4399.458312988281, 2643.2083129882812, 4369.8333740234375)
(2643.2083129882812, 4369.8333740234375, 2658.208211263021, 4399.458312988281)
(2658.208211263021, 4399.458312988281, 2658.208211263021, 4369.8333740234375)
(2674.208323160807, 4369.8333740234375, 2674.208323160807, 4399.458312988281)
(3175.208282470703, 3613.958485921224, 3175.208282470703, 3647.7083841959634)
(3264.5833333333335, 3623.2083638509116, 3264.5833333333335, 3593.583424886068)
(3264.5833333333335, 3593.583424886068, 3279.5832316080728, 3623.2083638509116)
(3279.5832316080728, 3623.2083638509116, 3279.5832316080728, 3593.583424886068)
(3295.5833435058594, 3593.583424886068, 3295.5833435058594, 3623.2083638509116)
(3013.9582316080728, 3584.4584147135415, 3052.333323160807, 3584.4584147135415)
(3013.9582316080728, 4336.208089192708, 3052.333323160807, 4336.208089192708)
(3027.708180745443, 4057.208506266276, 2998.2083638509116, 4057.208506266276)
(2998.2083638509116, 4057.208506266276, 3027.708180745443, 4042.2083536783853)
(3027.708180745443, 4042.2083536783853, 2998.2083638509116, 4042.2083536783853)
(2998.2083638509116, 4026.20849609375, 3027.708180745443, 4026.20849609375)
(3214.9581909179688, 2646.0835774739585, 3253.333282470703, 2646.0835774739585)
(3214.9581909179688, 3584.4584147135415, 3253.333282470703, 3584.4584147135415)
(3228.7081400553384, 3118.8334147135415, 3199.208323160807, 3118.8334147135415)
(3199.208323160807, 3118.8334147135415, 3228.7081400553384, 3103.8335164388022)
(3228.7081400553384, 3103.8335164388022, 3199.208323160807, 3103.8335164388022)
(3199.208323160807, 3087.8334045410156, 3228.7081400553384, 3087.8334045410156)
(4293.333435058594, 3017.083485921224, 4293.333435058594, 2987.5834147135415)
(4293.333435058594, 2987.5834147135415, 4308.333333333333, 3017.083485921224)
(4308.333333333333, 3017.083485921224, 4308.333333333333, 2987.5834147135415)
(4324.333190917969, 2987.5834147135415, 4324.333190917969, 3017.083485921224)
(4678.458150227864, 2579.083251953125, 4716.832987467448, 2579.083251953125)
(4678.458150227864, 2969.0834045410156, 4716.832987467448, 2969.0834045410156)
(4692.208353678386, 2941.83349609375, 4662.708028157552, 2941.83349609375)
(4662.708028157552, 2941.83349609375, 4692.208353678386, 2926.8333435058594)
(4692.208353678386, 2926.8333435058594, 4662.708028157552, 2926.8333435058594)
(4662.708028157552, 2910.833485921224, 4692.208353678386, 2910.833485921224)
(5012.583414713542, 2618.2083129882812, 5012.583414713542, 2656.5836588541665)
(4837.833150227864, 2631.9585164388022, 4837.833150227864, 2602.4581909179688)
(4837.833150227864, 2602.4581909179688, 4852.8330485026045, 2631.9585164388022)
(4852.8330485026045, 2631.9585164388022, 4852.8330485026045, 2602.4581909179688)
(4868.833414713542, 2602.4581909179688, 4868.833414713542, 2631.9585164388022)
(5031.833394368489, 2536.9583129882812, 5031.833394368489, 2501.4582316080728)
(5031.833394368489, 2501.4582316080728, 5067.208353678386, 2501.4582316080728)
(5921.8332926432295, 2461.2085978190103, 5883.4584554036455, 2461.2085978190103)
(5921.8332926432295, 3078.9583841959634, 5883.4584554036455, 3078.9583841959634)
(5888.458251953125, 2999.7083028157554, 5858.833312988281, 2999.7083028157554)
(5858.833312988281, 2999.7083028157554, 5888.458251953125, 2984.7084045410156)
(5888.458251953125, 2984.7084045410156, 5858.833312988281, 2984.7084045410156)
(5858.833312988281, 2968.7085469563804, 5888.458251953125, 2968.7085469563804)
(5727.2084554036455, 3132.8333536783853, 5727.2084554036455, 3103.333536783854)
(5727.2084554036455, 3103.333536783854, 5742.208353678386, 3132.8333536783853)
(5742.208353678386, 3132.8333536783853, 5742.208353678386, 3103.333536783854)
(5758.2082112630205, 3103.333536783854, 5758.2082112630205, 3132.8333536783853)
(6131.2082926432295, 3078.9583841959634, 6092.832946777344, 3078.9583841959634)
(6097.7081298828125, 3617.3334757486978, 6068.208312988281, 3617.3334757486978)
(6068.208312988281, 3617.3334757486978, 6097.7081298828125, 3602.4584452311196)
(6097.7081298828125, 3602.4584452311196, 6068.208312988281, 3602.4584452311196)
(6068.208312988281, 3586.333465576172, 6097.7081298828125, 3586.333465576172)
(6172.083028157552, 4111.333465576172, 6172.083028157552, 4075.958506266276)
(6172.083028157552, 4075.958506266276, 6136.582946777344, 4075.958506266276)
(5000.083414713542, 3786.4583333333335, 5000.083414713542, 3824.833424886068)
(5186.0829671223955, 3828.9583841959634, 5186.0829671223955, 3795.3333536783853)
(5238.083394368489, 3801.20849609375, 5238.083394368489, 3771.708424886068)
(5238.083394368489, 3771.708424886068, 5253.0832926432295, 3801.20849609375)
(5253.0832926432295, 3801.20849609375, 5253.0832926432295, 3771.708424886068)
(5269.083150227864, 3771.708424886068, 5269.083150227864, 3801.20849609375)
(4920.333353678386, 3585.833485921224, 4958.708190917969, 3585.833485921224)
(4920.333353678386, 3857.45849609375, 4958.708190917969, 3857.45849609375)
(4934.0830485026045, 3450.8333841959634, 4904.583231608073, 3450.8333841959634)
(4904.583231608073, 3450.8333841959634, 4934.0830485026045, 3435.833485921224)
(4934.0830485026045, 3435.833485921224, 4904.583231608073, 3435.833485921224)
(4904.583231608073, 3419.8333740234375, 4934.0830485026045, 3419.8333740234375)
(4953.708394368489, 3386.2083435058594, 4983.333333333333, 3386.2083435058594)
(4750.208028157552, 3585.833485921224, 4788.5833740234375, 3585.833485921224)
(4750.208028157552, 3857.45849609375, 4788.5833740234375, 3857.45849609375)
(4763.958231608073, 3450.8333841959634, 4734.458414713542, 3450.8333841959634)
(4734.458414713542, 3450.8333841959634, 4763.958231608073, 3435.833485921224)
(4763.958231608073, 3435.833485921224, 4734.458414713542, 3435.833485921224)
(4734.458414713542, 3419.8333740234375, 4763.958231608073, 3419.8333740234375)
(4783.708190917969, 3386.2083435058594, 4813.2080078125, 3386.2083435058594)
(4999.9582926432295, 3786.583455403646, 4999.9582926432295, 3824.958292643229)
(4740.3330485026045, 3786.583455403646, 4740.3330485026045, 3824.958292643229)
(4320.458475748698, 3800.3334045410156, 4320.458475748698, 3770.8333333333335)
(4320.458475748698, 3770.8333333333335, 4335.4583740234375, 3800.3334045410156)
(4335.4583740234375, 3800.3334045410156, 4335.4583740234375, 3770.8333333333335)
(4351.458231608073, 3770.8333333333335, 4351.458231608073, 3800.3334045410156)
(4385.2081298828125, 3819.95849609375, 4385.2081298828125, 3849.5834350585938)
(4999.9582926432295, 3616.4583841959634, 4999.9582926432295, 3654.8334757486978)
(4740.3330485026045, 3616.4583841959634, 4740.3330485026045, 3654.8334757486978)
(5077.583312988281, 3630.2083333333335, 5077.583312988281, 3600.7085164388022)
(5077.583312988281, 3600.7085164388022, 5092.5832112630205, 3630.2083333333335)
(5092.5832112630205, 3630.2083333333335, 5092.5832112630205, 3600.7085164388022)
(5108.583068847656, 3600.7085164388022, 5108.583068847656, 3630.2083333333335)
(5142.3329671223955, 3649.958292643229, 5142.3329671223955, 3679.4583638509116)
(4554.332987467448, 3582.208506266276, 4554.332987467448, 3620.5833435058594)
(4740.3330485026045, 3629.4583638509116, 4740.3330485026045, 3591.083526611328)
(4348.458353678386, 3596.9584147135415, 4348.458353678386, 3567.4583435058594)
(4348.458353678386, 3567.4583435058594, 4363.458251953125, 3596.9584147135415)
(4363.458251953125, 3596.9584147135415, 4363.458251953125, 3567.4583435058594)
(4379.458109537761, 3567.4583435058594, 4379.458109537761, 3596.9584147135415)
(3942.958323160807, 2819.3333943684897, 3942.958323160807, 2783.9584350585938)
(3942.958323160807, 2783.9584350585938, 3907.5833638509116, 2783.9584350585938)
(3841.9583638509116, 2646.0835774739585, 3880.3332010904946, 2646.0835774739585)
(3841.9583638509116, 2969.0834045410156, 3880.3332010904946, 2969.0834045410156)
(3855.7083129882812, 2616.4586385091147, 3826.208241780599, 2616.4586385091147)
(3826.208241780599, 2616.4586385091147, 3855.7083129882812, 2601.5833536783853)
(3855.7083129882812, 2601.5833536783853, 3826.208241780599, 2601.5833536783853)
(3826.208241780599, 2585.58349609375, 3855.7083129882812, 2585.58349609375)
(4999.9582926432295, 4221.20844523112, 4999.9582926432295, 4259.583282470703)
(4745.833333333333, 4221.583302815755, 4745.833333333333, 4259.583282470703)
(4816.832987467448, 4234.958394368489, 4816.832987467448, 4205.458323160808)
(4816.832987467448, 4205.458323160808, 4831.833394368489, 4234.958394368489)
(4831.833394368489, 4234.958394368489, 4831.833394368489, 4205.458323160808)
(4847.833251953125, 4205.458323160808, 4847.833251953125, 4234.958394368489)
(4881.458028157552, 4254.708353678386, 4881.458028157552, 4284.208170572917)
(4527.333068847656, 4158.083343505859, 4488.833109537761, 4158.083343505859)
(4480.0832112630205, 4761.458333333333, 4518.4580485026045, 4761.458333333333)
(4494.8333740234375, 4520.7082112630205, 4465.208435058594, 4520.7082112630205)
(4465.208435058594, 4520.7082112630205, 4494.8333740234375, 4505.708312988281)
(4494.8333740234375, 4505.708312988281, 4465.208435058594, 4505.708312988281)
(4465.208435058594, 4489.7084554036455, 4494.8333740234375, 4489.7084554036455)
(4252.708180745442, 4651.0833740234375, 4252.708180745442, 4689.4582112630205)
(4438.707987467448, 4693.4580485026045, 4438.707987467448, 4659.833272298177)
(4072.4581400553384, 4665.8335367838545, 4072.4581400553384, 4636.208089192708)
(4072.4581400553384, 4636.208089192708, 4087.458292643229, 4665.8335367838545)
(4087.458292643229, 4665.8335367838545, 4087.458292643229, 4636.208089192708)
(4103.458150227864, 4636.208089192708, 4103.458150227864, 4665.8335367838545)
(4240.958150227864, 4756.833394368489, 4278.208414713542, 4747.7081298828125)
(4259.708150227864, 4834.3332926432295, 4297.083028157552, 4825.2085367838545)
(4306.708272298177, 4889.958190917969, 4335.4583740234375, 4882.958475748698)
(4335.4583740234375, 4882.958475748698, 4310.2081298828125, 4904.583231608073)
(4310.2081298828125, 4904.583231608073, 4338.958231608073, 4897.583516438802)
(4342.708333333333, 4913.083394368489, 4314.083353678386, 4920.0836181640625)
(5724.333190917969, 4395.9584554036455, 5761.708068847656, 4386.8336995442705)
(5743.208312988281, 4473.333740234375, 5780.458068847656, 4464.333089192708)
(5790.208435058594, 4529.083251953125, 5818.833414713542, 4522.0835367838545)
(5818.833414713542, 4522.0835367838545, 5793.7082926432295, 4543.583170572917)
(5793.7082926432295, 4543.583170572917, 5822.333272298177, 4536.5834554036455)
(5826.207987467448, 4552.2084554036455, 5797.458394368489, 4559.208170572917)
(6360.833231608073, 3576.0833740234375, 6360.833231608073, 3614.458465576172)
(6440.5832926432295, 3618.4583028157554, 6440.5832926432295, 3584.9583943684897)
(6492.5832112630205, 3590.833536783854, 6492.5832112630205, 3561.333465576172)
(6492.5832112630205, 3561.333465576172, 6507.583109537761, 3590.833536783854)
(6507.583109537761, 3590.833536783854, 6507.583109537761, 3561.333465576172)
(6523.5829671223955, 3561.333465576172, 6523.5829671223955, 3590.833536783854)
(6147.7081298828125, 2613.5833740234375, 6147.7081298828125, 2651.958211263021)
(6227.458190917969, 2655.9585571289062, 6227.458190917969, 2622.4583943684897)
(6279.332987467448, 2628.333536783854, 6279.332987467448, 2598.833211263021)
(6279.332987467448, 2598.833211263021, 6294.333394368489, 2628.333536783854)
(6294.333394368489, 2628.333536783854, 6294.333394368489, 2598.833211263021)
(6310.333251953125, 2598.833211263021, 6310.333251953125, 2628.333536783854)
(2823.4583536783853, 4842.333475748698, 2823.4583536783853, 4880.708312988281)
(2632.0833841959634, 4857.0831298828125, 2632.0833841959634, 4827.583312988281)
(2632.0833841959634, 4827.583312988281, 2646.9581604003906, 4857.0831298828125)
(2646.9581604003906, 4857.0831298828125, 2646.9581604003906, 4827.583312988281)
(2662.9582722981772, 4827.583312988281, 2662.9582722981772, 4857.0831298828125)
(2601.958211263021, 3691.3335164388022, 2601.958211263021, 3729.7083536783853)
(2410.583241780599, 3706.083424886068, 2410.583241780599, 3676.5833536783853)
(2410.583241780599, 3676.5833536783853, 2425.5833943684897, 3706.083424886068)
(2425.5833943684897, 3706.083424886068, 2425.5833943684897, 3676.5833536783853)
(2441.583251953125, 3676.5833536783853, 2441.583251953125, 3706.083424886068)
(3500.208282470703, 2725.7085164388022, 3538.5833740234375, 2725.7085164388022)
(3542.583211263021, 2646.0835774739585, 3509.0833028157554, 2646.0835774739585)
(3514.9581909179688, 2905.9583028157554, 3485.4583740234375, 2905.9583028157554)
(3485.4583740234375, 2905.9583028157554, 3514.9581909179688, 2890.9584045410156)
(3514.9581909179688, 2890.9584045410156, 3485.4583740234375, 2890.9584045410156)
(3485.4583740234375, 2874.9585469563804, 3514.9581909179688, 2874.9585469563804)
(4678.458150227864, 2312.3336791992188, 4716.832987467448, 2312.3336791992188)
(4678.458150227864, 2579.083251953125, 4716.832987467448, 2579.083251953125)
(4693.208312988281, 2282.8333536783853, 4663.707987467448, 2282.8333536783853)
(4663.707987467448, 2282.8333536783853, 4693.208312988281, 2267.833455403646)
(4693.208312988281, 2267.833455403646, 4663.707987467448, 2267.833455403646)
(4663.707987467448, 2251.8335978190103, 4693.208312988281, 2251.8335978190103)
(4321.208190917969, 2751.0833740234375, 4359.583028157552, 2751.0833740234375)
(4363.5833740234375, 2671.3333129882812, 4329.958089192708, 2671.3333129882812)
(4335.958353678386, 2619.3333943684897, 4306.333414713542, 2619.3333943684897)
(4306.333414713542, 2619.3333943684897, 4335.958353678386, 2604.33349609375)
(4335.958353678386, 2604.33349609375, 4306.333414713542, 2604.33349609375)
(4306.333414713542, 2588.3336385091147, 4335.958353678386, 2588.3336385091147)
(4932.958475748698, 2384.333292643229, 4932.958475748698, 2422.7086385091147)
(5012.583414713542, 2426.8335978190103, 5012.583414713542, 2393.2083129882812)
(5160.0830078125, 2399.083455403646, 5160.0830078125, 2369.5836385091147)
(5160.0830078125, 2369.5836385091147, 5174.9582926432295, 2399.083455403646)
(5174.9582926432295, 2399.083455403646, 5174.9582926432295, 2369.5836385091147)
(5190.958150227864, 2369.5836385091147, 5190.958150227864, 2399.083455403646)
(5621.708170572917, 2540.9586588541665, 5660.0830078125, 2540.9586588541665)
(5664.083353678386, 2461.2085978190103, 5630.583190917969, 2461.2085978190103)
(5636.458333333333, 2409.2086791992188, 5606.9580078125, 2409.2086791992188)
(5606.9580078125, 2409.2086791992188, 5636.458333333333, 2394.3333943684897)
(5636.458333333333, 2394.3333943684897, 5606.9580078125, 2394.3333943684897)
(5606.9580078125, 2378.2084147135415, 5636.458333333333, 2378.2084147135415)
(5413.5833740234375, 2509.7086588541665, 5378.0832926432295, 2515.7084147135415)
(5118.333435058594, 2515.7084147135415, 5082.833353678386, 2508.7081909179688)
(5072.333272298177, 2579.083251953125, 5110.708109537761, 2579.083251953125)
(5072.333272298177, 2461.2085978190103, 5110.708109537761, 2461.2085978190103)
(5086.0829671223955, 2313.8336181640625, 5056.583150227864, 2313.8336181640625)
(5056.583150227864, 2313.8336181640625, 5086.0829671223955, 2298.833211263021)
(5086.0829671223955, 2298.833211263021, 5056.583150227864, 2298.833211263021)
(5056.583150227864, 2282.8333536783853, 5086.0829671223955, 2282.8333536783853)
(2972.9583740234375, 4819.4580078125, 3011.333211263021, 4819.4580078125)
(2972.9583740234375, 5181.2082926432295, 3011.333211263021, 5181.2082926432295)
(2987.8331502278647, 5361.458333333333, 2958.208211263021, 5361.458333333333)
(2958.208211263021, 5361.458333333333, 2987.8331502278647, 5346.458435058594)
(2987.8331502278647, 5346.458435058594, 2958.208211263021, 5346.458435058594)
(2958.208211263021, 5330.458577473958, 2987.8331502278647, 5330.458577473958)
(5115.083312988281, 4424.9582926432295, 5149.583435058594, 4416.4581298828125)
(5161.458333333333, 4628.208414713542, 5198.8332112630205, 4619.083658854167)
(5208.333333333333, 4683.333333333333, 5236.958312988281, 4676.3336181640625)
(5236.958312988281, 4676.3336181640625, 5211.833190917969, 4697.833251953125)
(5211.833190917969, 4697.833251953125, 5240.5832926432295, 4690.958658854167)
(5244.333394368489, 4706.4585367838545, 5215.5832926432295, 4713.458251953125)
(2823.4583536783853, 4540.5832926432295, 2823.4583536783853, 4578.9581298828125)
(2903.2081604003906, 4582.958475748698, 2903.2081604003906, 4549.458312988281)
(2643.2083129882812, 4555.3334554036455, 2643.2083129882812, 4525.8331298828125)
(2643.2083129882812, 4525.8331298828125, 2658.208211263021, 4555.3334554036455)
(2658.208211263021, 4555.3334554036455, 2658.208211263021, 4525.8331298828125)
(2674.208323160807, 4525.8331298828125, 2674.208323160807, 4555.3334554036455)
(4140.333302815755, 3704.9583435058594, 4140.333302815755, 3743.3334350585938)
(4503.583272298177, 3752.208455403646, 4503.583272298177, 3713.8333638509116)
(3924.958292643229, 3689.2084757486978, 3924.958292643229, 3718.708292643229)
(3960.2081298828125, 3718.708292643229, 3960.2081298828125, 3689.2084757486978)
(3960.2081298828125, 3689.2084757486978, 3975.208282470703, 3718.708292643229)
(3975.208282470703, 3718.708292643229, 3975.208282470703, 3689.2084757486978)
(3991.2081400553384, 3689.2084757486978, 3991.2081400553384, 3718.708292643229)
(3791.583251953125, 3461.583455403646, 3791.583251953125, 3502.8333028157554)
(3815.208180745443, 3461.583455403646, 3815.208180745443, 3502.8333028157554)
(3838.8333638509116, 3461.583455403646, 3838.8333638509116, 3502.8333028157554)
(3862.458292643229, 3461.583455403646, 3862.458292643229, 3502.8333028157554)
(3886.083221435547, 3461.583455403646, 3886.083221435547, 3502.8333028157554)
(3909.7081502278647, 3461.583455403646, 3909.7081502278647, 3502.8333028157554)
(3933.3333333333335, 3461.583455403646, 3933.3333333333335, 3502.8333028157554)
(3956.958262125651, 3461.583455403646, 3956.958262125651, 3502.8333028157554)
(3980.5831909179688, 3461.583455403646, 3980.5831909179688, 3502.8333028157554)
(4004.2081197102866, 3461.583455403646, 4004.2081197102866, 3502.8333028157554)
(3678.9581298828125, 3461.583455403646, 3678.9581298828125, 3502.8333028157554)
(3655.3332010904946, 3461.583455403646, 3655.3332010904946, 3502.8333028157554)
(3631.7082722981772, 3461.583455403646, 3631.7082722981772, 3502.8333028157554)
(3608.0833435058594, 3461.583455403646, 3608.0833435058594, 3502.8333028157554)
(3584.4581604003906, 3461.583455403646, 3584.4581604003906, 3502.8333028157554)
(3560.8332316080728, 3461.583455403646, 3560.8332316080728, 3502.8333028157554)
(3537.2083028157554, 3461.583455403646, 3537.2083028157554, 3502.8333028157554)
(3513.5833740234375, 3461.583455403646, 3513.5833740234375, 3502.8333028157554)
(3489.9581909179688, 3461.583455403646, 3489.9581909179688, 3502.8333028157554)
(3466.333262125651, 3461.583455403646, 3466.333262125651, 3502.8333028157554)
(2932.8333536783853, 3461.583455403646, 2932.8333536783853, 3502.8333028157554)
(2956.458282470703, 3461.583455403646, 2956.458282470703, 3502.8333028157554)
(2980.083211263021, 3461.583455403646, 2980.083211263021, 3502.8333028157554)
(3003.7081400553384, 3461.583455403646, 3003.7081400553384, 3502.8333028157554)
(3027.333323160807, 3461.583455403646, 3027.333323160807, 3502.8333028157554)
(3050.958251953125, 3461.583455403646, 3050.958251953125, 3502.8333028157554)
(3074.583180745443, 3461.583455403646, 3074.583180745443, 3502.8333028157554)
(3098.2083638509116, 3461.583455403646, 3098.2083638509116, 3502.8333028157554)
(2820.3333536783853, 3470.4584757486978, 2820.3333536783853, 3511.708323160807)
(2796.7081705729165, 3470.4584757486978, 2796.7081705729165, 3511.708323160807)
(2773.083241780599, 3470.4584757486978, 2773.083241780599, 3511.708323160807)
(2749.4583129882812, 3470.4584757486978, 2749.4583129882812, 3511.708323160807)
(2725.8333841959634, 3470.4584757486978, 2725.8333841959634, 3511.708323160807)
(2702.2082010904946, 3470.4584757486978, 2702.2082010904946, 3511.708323160807)
(3475.708262125651, 3421.4584350585938, 3475.4582722981772, 3447.9583740234375)
(3536.2083435058594, 3448.4583536783853, 3536.4583333333335, 3421.833292643229)
(3569.3331400553384, 3422.083536783854, 3569.2082722981772, 3448.7083435058594)
(3924.583180745443, 3421.4584350585938, 3924.4583129882812, 3447.9583740234375)
(3985.2081298828125, 3448.4583536783853, 3985.333251953125, 3421.833292643229)
(4018.2083129882812, 3422.083536783854, 4018.0831909179688, 3448.7083435058594)
(3672.4581400553384, 3622.4583943684897, 3645.9582010904946, 3622.333526611328)
(3672.4581400553384, 3326.8333435058594, 3645.9582010904946, 3326.7084757486978)
(2812.458292643229, 3608.0833435058594, 2785.8332316080728, 3607.9584757486978)
(2796.833292643229, 3365.833536783854, 2770.3333536783853, 3365.7084147135415)
(3039.5833333333335, 3447.333526611328, 3039.833323160807, 3420.708465576172)
(3072.7083841959634, 3420.958455403646, 3072.583262125651, 3447.5835164388022)
(2637.3331705729165, 3422.7083841959634, 2624.4583129882812, 3449.208323160807)
(2666.2083943684897, 3449.5834350585938, 2666.4583841959634, 3422.9583740234375)
(2699.3331909179688, 3423.2083638509116, 2699.0832010904946, 3449.7083028157554)
(2803.333282470703, 2862.0834350585938, 2803.333282470703, 2900.458526611328)
(2883.0833435058594, 2904.4583638509116, 2883.0833435058594, 2870.8333333333335)
(2588.3333841959634, 2876.8333435058594, 2588.3333841959634, 2847.333526611328)
(2588.3333841959634, 2847.333526611328, 2603.333282470703, 2876.8333435058594)
(2603.333282470703, 2876.8333435058594, 2603.333282470703, 2847.333526611328)
(2619.3333943684897, 2847.333526611328, 2619.3333943684897, 2876.8333435058594)
(5003.208414713542, 4367.083740234375, 5003.208414713542, 4405.458577473958)
(5189.2079671223955, 4409.5835367838545, 5189.2079671223955, 4375.958251953125)
(4822.9583740234375, 4381.833394368489, 4822.9583740234375, 4352.333577473958)
(4822.9583740234375, 4352.333577473958, 4837.958272298177, 4381.833394368489)
(4837.958272298177, 4381.833394368489, 4837.958272298177, 4352.333577473958)
(4853.9581298828125, 4352.333577473958, 4853.9581298828125, 4381.833394368489)
(3508.958180745443, 4304.083251953125, 3508.958180745443, 4345.458475748698)
(3532.5833638509116, 4304.083251953125, 3532.5833638509116, 4345.458475748698)
(3556.208292643229, 4304.083251953125, 3556.208292643229, 4345.458475748698)
(3579.833221435547, 4304.083251953125, 3579.833221435547, 4345.458475748698)
(3603.4581502278647, 4304.083251953125, 3603.4581502278647, 4345.458475748698)
(3627.0833333333335, 4304.083251953125, 3627.0833333333335, 4345.458475748698)
(3650.708262125651, 4304.083251953125, 3650.708262125651, 4345.458475748698)
(3396.3333129882812, 4304.083251953125, 3396.3333129882812, 4345.458475748698)
(3372.7083841959634, 4304.083251953125, 3372.7083841959634, 4345.458475748698)
(3349.0832010904946, 4304.083251953125, 3349.0832010904946, 4345.458475748698)
(3325.4582722981772, 4304.083251953125, 3325.4582722981772, 4345.458475748698)
(3301.8333435058594, 4304.083251953125, 3301.8333435058594, 4345.458475748698)
(3278.333282470703, 4304.083251953125, 3278.333282470703, 4345.458475748698)
(3254.7083536783853, 4304.083251953125, 3254.7083536783853, 4345.458475748698)
(3231.0831705729165, 4304.083251953125, 3231.0831705729165, 4345.458475748698)
(3207.458241780599, 4304.083251953125, 3207.458241780599, 4345.458475748698)
(3183.8333129882812, 4304.083251953125, 3183.8333129882812, 4345.458475748698)
(3193.0831909179688, 4263.958485921224, 3192.958323160807, 4290.5832926432295)
(3253.5832722981772, 4290.958658854167, 3253.833262125651, 4264.333343505859)
(3286.708323160807, 4264.583333333333, 3286.5832010904946, 4291.208394368489)
(3596.9581604003906, 4264.083353678386, 3584.0833028157554, 4290.5832926432295)
(3625.958251953125, 4290.8335367838545, 3626.0833740234375, 4264.208475748698)
(3658.958180745443, 4264.458465576172, 3658.8333129882812, 4291.083272298177)
(3389.9581909179688, 4464.9586995442705, 3363.3333841959634, 4464.833577473958)
(3389.9581909179688, 4169.333394368489, 3363.3333841959634, 4169.208272298177)
(3995.2082316080728, 4304.083251953125, 3995.2082316080728, 4345.458475748698)
(3971.5833028157554, 4304.083251953125, 3971.5833028157554, 4345.458475748698)
(3947.9581197102866, 4304.083251953125, 3947.9581197102866, 4345.458475748698)
(3924.3331909179688, 4304.083251953125, 3924.3331909179688, 4345.458475748698)
(3900.708262125651, 4304.083251953125, 3900.708262125651, 4345.458475748698)
(3877.0833333333335, 4304.083251953125, 3877.0833333333335, 4345.458475748698)
(3853.4581502278647, 4304.083251953125, 3853.4581502278647, 4345.458475748698)
(4107.708231608073, 4304.083251953125, 4107.708231608073, 4345.458475748698)
(4131.333160400391, 4304.083251953125, 4131.333160400391, 4345.458475748698)
(4154.958343505859, 4304.083251953125, 4154.958343505859, 4345.458475748698)
(4178.583272298177, 4304.083251953125, 4178.583272298177, 4345.458475748698)
(4202.208201090495, 4304.083251953125, 4202.208201090495, 4345.458475748698)
(4225.8331298828125, 4304.083251953125, 4225.8331298828125, 4345.458475748698)
(4249.458312988281, 4304.083251953125, 4249.458312988281, 4345.458475748698)
(3802.5833129882812, 4264.083353678386, 3789.833323160807, 4290.5832926432295)
(3831.5831502278647, 4290.8335367838545, 3831.7082722981772, 4264.208475748698)
(3864.7082010904946, 4264.458465576172, 3864.458211263021, 4291.083272298177)
(4251.583353678386, 4233.70844523112, 4238.708241780599, 4260.208384195964)
(4280.458068847656, 4260.58349609375, 4280.708312988281, 4233.958435058594)
(4313.5833740234375, 4234.208424886067, 4313.458251953125, 4260.708363850911)
(3988.0831400553384, 4464.9586995442705, 3961.4583333333335, 4464.833577473958)
(3988.0831400553384, 4169.333394368489, 3961.4583333333335, 4169.208272298177)
(4734.833272298177, 4025.7085164388022, 4734.833272298177, 4064.0833536783853)
(4438.707987467448, 4072.9583740234375, 4438.707987467448, 4034.583282470703)
(4076.958211263021, 4039.5833333333335, 4076.958211263021, 4009.9583943684897)
(4076.958211263021, 4009.9583943684897, 4091.9583638509116, 4039.5833333333335)
(4091.9583638509116, 4039.5833333333335, 4091.9583638509116, 4009.9583943684897)
(4107.958221435547, 4009.9583943684897, 4107.958221435547, 4039.5833333333335)
(383.2083384195964, 949.2085774739584, 383.2083384195964, 904.9585978190104)
(555.8333079020182, 938.9582316080729, 555.8333079020182, 912.3336791992188)
(555.8333079020182, 912.3336791992188, 573.5833485921224, 938.9582316080729)
(573.5833485921224, 938.9582316080729, 573.5833485921224, 912.3336791992188)
(590.0833129882812, 912.3336791992188, 590.0833129882812, 938.9582316080729)
(916.0833358764648, 879.9585978190104, 916.0833358764648, 933.2087198893229)
(924.9582926432291, 871.2086995442709, 978.0832926432291, 871.2086995442709)
(986.9583129882812, 879.9585978190104, 986.9583129882812, 933.2087198893229)
(950.9583155314127, 918.5836791992188, 971.8332926432291, 939.4587198893229)
(963.4583155314127, 906.0836791992188, 984.3332926432291, 926.9587198893229)
(924.9582926432291, 942.0832316080729, 978.0832926432291, 942.0832316080729)
(3836.708323160807, 4981.833394368489, 3829.7083536783853, 4956.2082926432295)
(4109.3332926432295, 4909.3332926432295, 4102.208201090495, 4883.708190917969)
(5292.5832112630205, 4627.8330485026045, 5285.4583740234375, 4602.2084554036455)
(5565.208435058594, 4555.3334554036455, 5558.083089192708, 4529.708353678386)
(3902.8333028157554, 6679.708353678386, 3928.4581502278647, 6679.708353678386)
(3902.8333028157554, 6738.70849609375, 3928.4581502278647, 6738.70849609375)
(3979.7083536783853, 6679.708353678386, 4005.2083333333335, 6679.708353678386)
(3979.7083536783853, 6738.70849609375, 4005.2083333333335, 6738.70849609375)
(4107.583363850911, 6710.58349609375, 4087.9582722981772, 6738.70849609375)
(4087.9582722981772, 6738.70849609375, 4115.458170572917, 6738.70849609375)
(4164.708201090495, 6713.458251953125, 4200.083160400391, 6713.458251953125)
(4337.958272298177, 6679.708353678386, 4365.458170572917, 6679.708353678386)
(4373.333231608073, 6679.708353678386, 4400.958251953125, 6679.708353678386)
(4550.458272298177, 6707.833353678386, 4564.333089192708, 6738.70849609375)
(4578.0832926432295, 6679.708353678386, 4603.708394368489, 6679.708353678386)
(4578.0832926432295, 6738.70849609375, 4603.708394368489, 6738.70849609375)
(4674.583435058594, 6679.708353678386, 4700.083414713542, 6679.708353678386)
(4767.083231608073, 6707.833353678386, 4780.833435058594, 6738.70849609375)
(4835.958353678386, 6679.708353678386, 4861.5834554036455, 6679.708353678386)
(4835.958353678386, 6738.70849609375, 4861.5834554036455, 6738.70849609375)
(4920.583089192708, 6679.708353678386, 4946.208190917969, 6679.708353678386)
(4920.583089192708, 6738.70849609375, 4946.208190917969, 6738.70849609375)
(5001.333109537761, 6679.708353678386, 5028.8330078125, 6679.708353678386)
(4598.082987467448, 6821.083577473958, 4598.082987467448, 6791.583251953125)
(4647.333272298177, 6791.583251953125, 4647.333272298177, 6821.083577473958)
(4677.8330485026045, 6791.583251953125, 4677.8330485026045, 6821.083577473958)
(9816.83349609375, 4350.2085367838545, 9816.83349609375, 4298.333740234375)
(8760.957845052084, 4298.333740234375, 8760.957845052084, 4350.2085367838545)
